H? -2 2 -1 1 0 0 0 1 1 0 1 1 1 2 2 0
H? -2 2 -1 1 0 0 0 1 0 2 1 0 1 2 2 0
H? -2 1 -1 1 0 0 0 1 0 2 0 3 1 0 2 0
H? -3 2 -2 1 -1 1 0 0 0 1 0 2 1 0 2 0
H? -1 1 0 0 0 1 0 2 0 3 1 0 2 0 3 0
H? -2 1 -1 1 -1 2 -1 3 0 0 0 1 1 0 2 0
H? -2 2 -2 3 -1 1 0 0 0 1 1 0 2 0 3 0
H? -2 2 -1 1 0 0 0 1 1 0 2 0 3 0 3 1
H? -2 2 -2 3 -1 1 0 0 0 1 1 0 2 0 2 1
H? -3 2 -3 3 -2 1 -1 1 0 0 0 1 1 0 2 0
H? -3 1 -3 2 -2 2 -1 1 0 0 0 1 1 0 1 1
H? -4 3 -3 3 -2 2 -1 1 0 0 0 1 0 2 1 0
H? -4 2 -3 1 -2 1 -1 1 0 0 0 1 0 2 1 0
H? -3 1 -2 1 -1 1 -1 2 -1 3 0 0 0 1 1 0
H? -1 2 0 0 0 1 0 2 1 0 2 0 2 1 3 0
H? -1 3 0 0 0 1 0 2 1 0 2 0 2 1 3 0
H? -1 3 0 0 0 1 0 2 1 0 1 2 2 0 3 0
H? -1 3 0 0 0 1 0 2 1 0 2 0 3 0 3 1
H? -1 2 -1 3 0 0 0 1 1 0 2 0 3 0 3 1
H? -2 3 -1 2 0 0 0 1 1 0 2 0 3 0 3 1
H? -1 2 0 0 0 1 1 0 2 0 3 0 4 0 4 1
H? -2 3 -1 2 -1 3 0 0 0 1 1 0 2 0 2 1
H? -1 2 -1 3 0 0 0 1 0 3 1 0 2 0 2 1
H? -2 3 -1 2 0 0 0 1 1 0 2 0 2 1 2 2
H? -3 3 -2 3 -1 2 0 0 0 1 1 0 2 0 2 1
H? -2 2 -1 2 0 0 0 1 1 0 2 0 2 1 2 2
H? -3 3 -2 2 -1 2 0 0 0 1 1 0 2 0 2 1
H? -2 1 -2 2 -1 2 0 0 0 1 1 0 2 0 2 1
H? -1 2 0 0 0 1 1 0 2 0 2 1 3 1 4 0
H? -3 2 -3 3 -2 3 -1 2 0 0 0 1 1 0 2 0
H? -3 1 -2 1 -2 2 -1 2 0 0 0 1 1 0 2 0
H? -1 3 0 0 0 1 0 3 1 0 1 2 2 0 2 1
H? -3 2 -3 3 -2 3 -1 2 0 0 0 1 1 0 1 1
H? -3 2 -2 2 -2 3 -1 3 0 0 0 1 0 2 1 0
H? -3 2 -2 2 -1 2 -1 3 -1 4 0 0 0 1 1 0
H? -4 2 -3 1 -2 1 -2 2 -1 2 0 0 0 1 1 0
H? -4 1 -3 1 -2 1 -2 2 -1 2 0 0 0 1 1 0
H? -2 1 -2 2 -1 1 -1 2 0 0 1 0 1 1 2 0
H? -2 2 -1 1 -1 2 0 0 1 0 1 1 2 0 3 0
H? -2 2 -1 1 -1 2 0 0 1 0 1 1 2 0 2 1
H? -3 2 -2 2 -1 1 -1 2 0 0 1 0 1 1 2 0
H? -2 3 -1 1 -1 2 0 0 1 0 1 1 2 0 2 1
H? -2 2 -1 1 0 0 1 0 1 1 1 2 2 0 3 0
H? -2 2 -2 3 -1 1 0 0 1 0 1 1 2 0 3 0
H? -3 2 -2 2 -1 1 0 0 1 0 1 1 2 0 3 0
H? -2 2 -2 3 -1 1 0 0 1 0 1 1 2 0 2 1
H? -3 2 -2 2 -1 1 0 0 1 0 1 1 2 0 2 1
H? -2 2 -1 1 0 0 1 0 1 1 2 0 2 1 2 2
H? -3 2 -2 2 -1 1 0 0 1 0 1 1 1 2 2 0
H? -3 1 -3 2 -2 2 -1 1 0 0 1 0 1 1 2 0
H? -2 1 -1 1 0 0 0 2 1 0 1 1 1 2 2 0
H? -2 1 -1 1 0 0 0 3 1 0 1 1 1 2 2 0
H? -2 1 -1 1 0 0 0 2 0 3 1 0 1 1 2 0
H? -3 2 -3 3 -2 1 -1 1 0 0 1 0 1 1 2 0
H? -4 3 -3 2 -2 1 -1 1 0 0 1 0 1 1 2 0
H? -1 1 0 0 0 2 0 3 1 0 1 1 2 0 3 0
H? -2 2 -1 1 -1 2 0 0 1 0 2 0 3 0 3 1
H? -2 2 -1 1 -1 2 0 0 0 2 1 0 2 0 2 1
H? -2 2 -1 1 -1 2 -1 3 0 0 1 0 2 0 2 1
H? -3 2 -2 2 -1 1 -1 2 0 0 1 0 2 0 2 1
H? -2 1 -1 1 -1 2 0 0 1 0 2 0 2 1 3 0
H? -2 1 -1 1 -1 2 -1 3 0 0 1 0 2 0 3 0
H? -2 1 -2 3 -1 1 -1 2 0 0 1 0 2 0 3 0
H? -2 1 -1 1 -1 2 0 0 1 0 2 0 3 0 3 1
H? -2 1 -2 3 -1 1 -1 2 0 0 1 0 2 0 2 1
H? -3 2 -2 1 -1 1 -1 2 0 0 1 0 2 0 2 1
H? -2 1 -1 1 -1 2 0 0 1 0 1 2 2 0 2 1
H? -2 1 -1 1 -1 2 -1 3 0 0 0 2 1 0 2 0
H? -3 2 -2 1 -1 1 -1 2 -1 3 0 0 1 0 2 0
H? -2 1 -1 1 -1 2 -1 3 0 0 0 3 1 0 2 0
H? -2 1 -1 1 -1 2 -1 3 -1 4 0 0 1 0 2 0
H? -3 2 -3 3 -2 1 -1 1 -1 2 0 0 1 0 2 0
H? -1 1 -1 2 -1 3 0 0 1 0 2 0 2 1 3 0
H? -1 1 -1 2 0 0 1 0 1 2 2 0 2 1 3 0
H? -1 1 -1 2 0 0 0 2 0 3 1 0 2 0 3 0
H? -1 1 -1 2 -1 3 0 0 1 0 2 0 3 0 4 0
H? -1 1 -1 2 -1 3 0 0 0 3 1 0 2 0 3 0
H? -2 3 -1 1 -1 2 0 0 1 0 2 0 3 0 3 1
H? -1 1 -1 2 0 0 1 0 2 0 3 0 3 1 4 0
H? -1 1 -1 2 0 0 1 0 2 0 2 2 3 0 3 1
H? -2 3 -1 1 -1 2 0 0 0 2 1 0 2 0 2 1
H? -2 3 -1 1 -1 2 0 0 1 0 2 0 2 1 2 2
H? -2 3 -1 1 -1 2 0 0 1 0 1 2 2 0 2 1
H? -3 3 -2 3 -1 1 -1 2 0 0 1 0 2 0 2 1
H? -1 1 -1 2 0 0 1 0 2 0 2 1 3 1 4 0
H? -1 1 -1 2 0 0 0 3 1 0 1 2 2 0 2 1
H? -2 3 -1 1 -1 2 0 0 0 2 0 3 1 0 2 0
H? -2 1 -2 2 -1 1 0 0 1 0 2 0 2 1 3 0
H? -3 3 -2 1 -2 2 -1 1 0 0 1 0 2 0 3 0
H? -2 1 -2 2 -1 1 0 0 1 0 2 0 3 0 3 1
H? -2 1 -2 2 -2 3 -1 1 0 0 1 0 2 0 2 1
H? -3 3 -2 1 -2 2 -1 1 0 0 1 0 2 0 2 1
H? -3 1 -2 1 -2 2 -1 1 0 0 1 0 2 0 2 1
H? -3 3 -2 1 -2 2 -2 3 -1 1 0 0 1 0 2 0
H? -3 1 -2 1 -2 2 -2 3 -1 1 0 0 1 0 2 0
H? -3 2 -3 3 -2 1 -2 2 -1 1 0 0 1 0 2 0
H? -2 2 -2 3 -1 1 0 0 1 0 2 0 2 1 3 0
H? -2 2 -1 1 0 0 1 0 2 0 2 1 3 0 4 0
H? -2 2 -1 1 0 0 1 0 2 0 2 1 2 2 3 0
H? -3 2 -2 2 -2 3 -1 1 0 0 1 0 2 0 3 0
H? -2 2 -2 3 -1 1 0 0 1 0 2 0 3 0 4 0
H? -2 2 -2 3 -1 1 0 0 1 0 2 0 3 0 3 1
H? -2 2 -2 3 -1 1 -1 3 0 0 1 0 2 0 3 0
H? -3 3 -2 2 -1 1 0 0 1 0 2 0 3 0 3 1
H? -3 2 -2 2 -1 1 0 0 1 0 2 0 3 0 3 1
H? -3 1 -3 2 -2 2 -1 1 0 0 1 0 2 0 3 0
H? -2 2 -1 1 0 0 1 0 2 0 3 0 4 0 4 1
H? -2 2 -1 1 0 0 1 0 2 0 3 0 3 1 3 2
H? -2 2 -1 1 0 0 1 0 2 0 2 2 3 0 3 1
H? -3 2 -2 2 -2 3 -1 1 0 0 1 0 2 0 2 1
H? -2 2 -2 3 -1 1 0 0 1 0 1 2 2 0 2 1
H? -3 3 -2 2 -1 1 0 0 1 0 2 0 2 1 2 2
H? -3 2 -2 2 -1 1 0 0 1 0 2 0 2 1 2 2
H? -4 3 -3 2 -2 2 -1 1 0 0 1 0 2 0 2 1
H? -4 2 -3 2 -2 2 -1 1 0 0 1 0 2 0 2 1
H? -2 2 -1 1 0 0 1 0 2 0 2 1 3 1 4 0
H? -2 2 -1 1 0 0 1 0 1 3 2 0 2 1 2 2
H? -4 3 -3 2 -2 2 -2 3 -1 1 0 0 1 0 2 0
H? -3 1 -3 2 -2 2 -2 3 -1 1 0 0 1 0 2 0
H? -2 1 -1 1 0 0 1 0 2 0 2 1 2 2 3 0
H? -3 2 -2 1 -1 1 0 0 1 0 2 0 3 0 3 1
H? -3 2 -3 3 -2 1 -1 1 0 0 1 0 2 0 3 0
H? -2 1 -1 1 0 0 1 0 2 0 3 0 3 1 4 0
H? -2 1 -1 1 0 0 1 0 2 0 3 0 4 0 4 1
H? -2 1 -1 1 0 0 1 0 2 0 2 2 3 0 3 1
H? -3 2 -2 1 -1 1 0 0 1 0 2 0 2 1 2 2
H? -3 2 -2 1 -1 1 0 0 1 0 1 2 2 0 2 1
H? -3 2 -3 3 -2 1 -1 1 0 0 1 0 2 0 2 1
H? -4 3 -3 2 -2 1 -1 1 0 0 1 0 2 0 2 1
H? -3 1 -2 1 -1 1 0 0 1 0 1 2 2 0 2 1
H? -4 2 -3 1 -2 1 -1 1 0 0 1 0 2 0 2 1
H? -2 1 -1 1 0 0 0 3 1 0 1 2 2 0 2 1
H? -3 1 -3 2 -3 3 -2 1 -1 1 0 0 1 0 2 0
H? -4 3 -3 1 -3 2 -2 1 -1 1 0 0 1 0 2 0
H? -4 2 -3 2 -3 3 -2 1 -1 1 0 0 1 0 2 0
H? -3 2 -3 3 -2 1 -2 3 -1 1 0 0 1 0 2 0
H? -4 2 -4 3 -3 2 -2 1 -1 1 0 0 1 0 2 0
H? -1 1 0 0 1 0 2 0 2 1 2 2 3 0 4 0
H? -1 1 0 0 1 0 2 0 3 0 3 1 4 0 4 1
H? -1 1 0 0 1 0 2 0 3 0 4 0 5 0 5 1
H? -1 1 0 0 1 0 2 0 3 0 3 2 4 0 4 1
H? -1 1 0 0 1 0 1 3 2 0 2 2 3 0 3 1
H? -1 1 0 0 1 0 1 2 2 0 2 1 3 1 4 0
H? -1 1 -1 3 0 0 0 3 1 0 1 2 2 0 2 1
H? -2 1 -1 1 -1 2 0 0 1 0 1 1 2 1 3 0
H? -1 1 -1 2 0 0 1 0 1 1 1 2 2 1 3 0
H? -1 1 -1 2 0 0 1 0 1 1 2 1 3 1 4 0
H? -1 1 -1 2 0 0 1 0 1 1 2 1 3 0 4 0
H? -3 3 -2 3 -1 1 -1 2 0 0 1 0 1 1 1 2
H? -3 3 -2 1 -2 2 -2 3 -1 1 0 0 1 0 1 1
H? -4 3 -3 3 -2 1 -2 2 -1 1 0 0 1 0 1 1
H? -3 2 -2 2 -2 3 -1 1 0 0 1 0 1 1 2 1
H? -2 2 -1 1 0 0 1 0 1 1 2 1 3 0 3 1
H? -3 2 -2 2 -2 3 -1 1 0 0 1 0 1 1 1 2
H? -3 3 -2 2 -1 1 0 0 1 0 1 1 1 2 1 3
H? -4 3 -3 3 -2 2 -1 1 0 0 1 0 1 1 1 2
H? -4 3 -3 2 -2 2 -1 1 0 0 1 0 1 1 1 2
H? -4 3 -3 3 -2 2 -1 1 0 0 0 2 1 0 1 1
H? -3 2 -2 2 -1 1 0 0 0 2 0 3 1 0 1 1
H? -4 3 -3 2 -2 2 -1 1 0 0 0 2 1 0 1 1
H? -3 2 -2 2 -2 3 -1 1 -1 3 0 0 1 0 1 1
H? -4 2 -3 2 -2 2 -2 3 -1 1 0 0 1 0 1 1
H? -3 1 -3 2 -2 2 -2 3 -1 1 0 0 1 0 1 1
H? -4 3 -3 2 -3 3 -2 2 -1 1 0 0 1 0 1 1
H? -3 1 -3 2 -3 3 -2 2 -1 1 0 0 1 0 1 1
H? -4 2 -4 3 -3 3 -2 2 -1 1 0 0 1 0 1 1
H? -4 2 -4 3 -3 2 -2 2 -1 1 0 0 1 0 1 1
H? -4 3 -3 1 -3 2 -2 2 -1 1 0 0 1 0 1 1
H? -5 3 -4 3 -3 2 -2 2 -1 1 0 0 1 0 1 1
H? -4 1 -3 1 -3 2 -2 2 -1 1 0 0 1 0 1 1
H? -2 1 -1 1 0 0 1 0 1 1 1 2 2 1 3 0
H? -3 2 -2 1 -1 1 0 0 0 3 1 0 1 1 1 2
H? -3 2 -3 3 -2 1 -1 1 0 0 1 0 1 1 1 2
H? -4 3 -3 2 -2 1 -1 1 0 0 1 0 1 1 1 2
H? -4 2 -3 1 -2 1 -1 1 0 0 1 0 1 1 1 2
H? -3 1 -3 2 -3 3 -2 1 -1 1 0 0 1 0 1 1
H? -4 3 -3 1 -3 2 -2 1 -1 1 0 0 1 0 1 1
H? -4 2 -4 3 -3 2 -2 1 -1 1 0 0 1 0 1 1
H? -5 3 -4 3 -3 2 -2 1 -1 1 0 0 1 0 1 1
H? -4 2 -4 3 -3 1 -2 1 -1 1 0 0 1 0 1 1
H? -5 3 -4 2 -3 1 -2 1 -1 1 0 0 1 0 1 1
H? -5 2 -4 2 -3 1 -2 1 -1 1 0 0 1 0 1 1
H? -1 1 0 0 1 0 1 1 1 2 2 1 3 0 4 0
H? -1 1 0 0 0 2 1 0 1 1 2 1 3 0 4 0
H? -1 1 0 0 1 0 1 1 2 1 3 0 3 1 4 0
H? -1 1 0 0 1 0 1 1 2 1 3 0 4 0 5 0
H? -1 1 0 0 1 0 1 1 2 1 3 0 4 0 4 1
H? -1 1 0 0 1 0 1 1 1 2 2 2 3 1 4 0
H? -3 1 -3 2 -2 2 -1 1 -1 2 -1 3 0 0 1 0
H? -4 3 -3 1 -3 2 -2 2 -1 1 -1 2 0 0 1 0
H? -4 1 -3 1 -3 2 -2 2 -1 1 -1 2 0 0 1 0
H? -3 1 -2 1 -1 1 -1 2 -1 3 0 0 0 2 1 0
H? -3 2 -2 1 -1 1 -1 2 -1 3 0 0 0 3 1 0
H? -3 2 -2 1 -1 1 -1 2 -1 3 -1 4 0 0 1 0
H? -3 1 -2 1 -2 4 -1 1 -1 2 -1 3 0 0 1 0
H? -4 2 -3 1 -2 1 -1 1 -1 2 -1 3 0 0 1 0
H? -4 1 -3 1 -2 1 -1 1 -1 2 -1 3 0 0 1 0
H? -3 1 -3 2 -2 1 -2 3 -1 1 -1 2 0 0 1 0
H? -4 1 -3 1 -2 1 -2 3 -1 1 -1 2 0 0 1 0
H? -5 3 -4 3 -3 2 -2 1 -1 1 -1 2 0 0 1 0
H? -5 2 -4 1 -3 1 -2 1 -1 1 -1 2 0 0 1 0
H? -4 2 -3 2 -3 3 -2 3 -1 1 -1 2 0 0 1 0
H? -4 2 -3 1 -2 1 -2 2 -2 3 -1 1 0 0 1 0
H? -4 1 -3 1 -2 1 -2 2 -2 3 -1 1 0 0 1 0
H? -4 2 -3 2 -2 2 -2 3 -1 1 -1 3 0 0 1 0
H? -3 2 -2 2 -2 3 -1 1 -1 3 -1 4 0 0 1 0
H? -4 2 -3 2 -2 2 -2 3 -2 4 -1 1 0 0 1 0
H? -3 2 -2 2 -2 3 -2 4 -1 1 -1 4 0 0 1 0
H? -4 2 -4 3 -3 2 -2 2 -2 3 -1 1 0 0 1 0
H? -5 2 -4 2 -4 3 -3 3 -2 2 -1 1 0 0 1 0
H? -4 1 -4 3 -3 1 -3 2 -2 2 -1 1 0 0 1 0
H? -5 2 -4 1 -3 1 -3 2 -2 2 -1 1 0 0 1 0
H? -5 1 -4 1 -3 1 -3 2 -2 2 -1 1 0 0 1 0
H? -4 1 -4 3 -3 1 -3 2 -2 1 -1 1 0 0 1 0
H? -5 3 -4 1 -4 2 -3 1 -2 1 -1 1 0 0 1 0
H? -5 2 -5 3 -4 1 -3 1 -2 1 -1 1 0 0 1 0
H? -1 3 0 0 0 2 1 0 1 1 2 0 3 0 4 0
H? -1 2 0 0 0 2 1 0 1 1 2 0 3 0 3 1
H? 0 0 1 0 1 3 2 0 2 1 2 2 3 0 4 0
H? 0 0 1 0 2 0 2 1 3 1 4 0 5 0 6 0
H? 0 0 1 0 1 1 1 2 2 1 2 2 3 0 4 0
H? 0 0 1 0 1 1 1 2 1 3 2 1 3 0 4 0
H? 0 0 0 2 1 0 1 1 2 1 2 2 3 0 4 0
H? -1 3 0 0 0 2 1 0 1 1 2 1 3 0 4 0
H? -1 2 0 0 0 2 1 0 1 1 2 1 3 0 4 0
H? 0 0 1 0 1 1 2 1 3 1 4 1 5 0 6 0
H? 0 0 1 0 1 1 1 3 2 1 2 2 3 0 4 0
H? 0 0 1 0 1 1 2 1 3 0 4 0 4 1 5 0
H? 0 0 1 0 1 1 1 2 2 2 3 0 3 1 4 0
H? 0 0 1 0 1 1 1 2 2 2 3 1 4 0 5 0
H? -2 1 -1 1 0 0 0 1 0 2 1 1 2 1 3 0
H? -2 1 -1 1 0 0 0 1 0 2 0 3 1 1 2 0
H? -1 1 0 0 0 1 0 2 1 1 2 1 3 1 4 0
H? -1 1 0 0 0 1 0 2 0 3 1 1 2 0 3 0
H? -3 1 -2 1 -2 3 -1 1 -1 2 0 0 0 1 1 1
H? -2 1 -2 2 -1 1 0 0 0 1 1 1 2 1 3 0
H? -2 2 -1 1 0 0 0 1 1 1 2 0 2 1 2 2
H? -2 2 -1 1 0 0 0 1 1 1 2 1 2 2 3 0
H? -2 1 -1 1 0 0 0 1 1 1 2 1 2 2 3 0
H? -1 1 0 0 0 1 1 1 1 2 1 3 2 0 3 0
H? -1 1 0 0 0 1 0 3 1 1 1 2 2 0 3 0
H? -1 1 0 0 0 1 1 1 2 0 3 0 4 0 4 1
H? -1 1 0 0 0 1 1 1 2 0 2 2 3 0 3 1
H? -4 2 -3 2 -2 2 -1 1 -1 3 0 0 0 1 0 2
H? -4 2 -3 2 -2 2 -2 3 -1 1 0 0 0 1 0 2
H? -2 1 -1 1 0 0 0 1 0 2 1 2 2 1 3 0
H? -4 2 -3 1 -2 1 -1 1 -1 3 0 0 0 1 0 2
H? -4 3 -3 1 -3 2 -2 1 -1 1 0 0 0 1 0 2
H? -4 2 -3 2 -3 3 -2 1 -1 1 0 0 0 1 0 2
H? -4 2 -4 3 -3 2 -2 1 -1 1 0 0 0 1 0 2
H? -4 2 -4 3 -3 1 -2 1 -1 1 0 0 0 1 0 2
H? -5 3 -4 2 -3 1 -2 1 -1 1 0 0 0 1 0 2
H? -1 1 0 0 0 1 0 2 1 2 2 2 3 1 4 0
H? -1 1 0 0 0 1 0 2 1 2 2 0 2 1 3 0
H? -4 1 -3 1 -3 3 -2 1 -2 2 -1 1 0 0 0 1
H? -4 1 -4 2 -3 2 -3 3 -2 2 -1 1 0 0 0 1
H? -5 1 -4 1 -4 2 -3 2 -2 2 -1 1 0 0 0 1
H? -2 2 -1 2 0 0 0 1 0 2 0 3 1 1 2 0
H? -1 2 0 0 0 1 0 2 1 1 2 0 3 0 3 1
H? -1 3 0 0 0 1 0 2 1 1 2 0 2 1 3 0
H? -1 3 0 0 0 1 0 2 1 1 2 1 3 0 3 1
H? -1 3 0 0 0 1 0 2 1 1 2 1 3 1 4 0
H? -1 3 0 0 0 1 0 2 1 1 2 1 2 2 3 0
H? -1 3 0 0 0 1 0 2 1 1 2 1 3 0 4 0
H? 0 0 0 1 0 2 1 1 2 1 3 1 4 0 5 0
H? 0 0 0 1 0 2 1 1 1 2 2 0 3 0 4 0
H? 0 0 0 1 0 2 0 3 1 1 2 0 3 0 4 0
H? -1 3 0 0 0 1 0 2 1 1 2 0 3 0 4 0
H? -1 2 -1 3 0 0 0 1 1 1 2 0 2 1 3 0
H? -2 2 -2 3 -1 2 0 0 0 1 1 1 2 0 2 1
H? -2 3 -1 2 0 0 0 1 1 1 2 0 2 1 2 2
H? -2 2 -1 2 0 0 0 1 1 1 2 0 2 1 3 0
H? -1 2 -1 3 0 0 0 1 1 1 2 1 3 1 4 0
H? -2 3 -1 2 0 0 0 1 1 1 2 1 3 0 3 1
H? -2 3 -1 2 0 0 0 1 1 1 2 1 3 1 4 0
H? -2 3 -1 2 0 0 0 1 1 1 2 1 2 2 3 0
H? -1 2 0 0 0 1 1 1 2 1 3 1 4 0 4 1
H? -1 2 0 0 0 1 1 1 2 1 3 1 4 1 5 0
H? -1 2 0 0 0 1 1 1 2 1 3 1 3 2 4 0
H? -1 2 0 0 0 1 1 1 2 1 3 1 4 0 5 0
H? -1 2 0 0 0 1 1 1 1 3 2 1 2 2 3 0
H? -1 2 0 0 0 1 1 1 2 1 2 2 3 0 4 0
H? -1 2 0 0 0 1 1 1 2 1 3 0 4 0 5 0
H? -1 2 0 0 0 1 1 1 2 1 3 0 4 0 4 1
H? -2 3 -1 2 0 0 0 1 1 1 1 2 2 0 2 2
H? -2 3 -1 2 0 0 0 1 1 1 1 2 1 3 2 0
H? -1 2 0 0 0 1 1 1 1 2 2 0 2 2 3 0
H? -1 2 0 0 0 1 0 3 1 1 1 2 2 0 3 0
H? -1 2 -1 3 0 0 0 1 1 1 2 0 3 0 4 0
H? -1 2 -1 3 0 0 0 1 1 1 2 0 3 0 3 1
H? -2 2 -2 3 -1 2 0 0 0 1 1 1 2 0 3 0
H? -2 3 -1 2 0 0 0 1 1 1 2 0 3 0 4 0
H? -2 3 -1 2 0 0 0 1 1 1 2 0 3 0 3 1
H? -2 2 -1 2 0 0 0 1 1 1 2 0 3 0 4 0
H? -3 1 -2 1 -2 2 -1 2 0 0 0 1 1 1 2 0
H? -1 2 0 0 0 1 1 1 2 0 3 0 3 1 4 0
H? -1 2 0 0 0 1 1 1 2 0 2 2 3 0 3 1
H? -4 2 -3 2 -2 2 -2 3 -1 2 0 0 0 1 1 1
H? 0 0 0 1 1 1 1 2 1 3 2 1 3 1 4 0
H? 0 0 0 1 1 1 1 2 1 3 2 1 3 0 4 0
H? 0 0 0 1 1 1 1 2 2 1 3 0 4 0 5 0
H? 0 0 0 1 1 1 2 1 2 2 3 1 4 1 5 0
H? 0 0 0 1 1 1 1 3 2 1 2 2 3 1 4 0
H? 0 0 0 1 1 1 2 1 2 2 3 1 4 0 5 0
H? 0 0 0 1 1 1 2 1 3 1 3 2 4 0 5 0
H? 0 0 0 1 1 1 1 3 2 1 2 2 3 0 4 0
H? 0 0 0 1 1 1 2 1 2 2 3 0 4 0 5 0
H? 0 0 0 1 1 1 1 2 1 3 2 0 3 0 4 0
H? 0 0 0 1 0 3 1 1 1 2 2 0 3 0 4 0
H? 0 0 0 1 1 1 1 2 2 2 3 1 4 0 5 0
H? 0 0 0 1 1 1 2 0 2 2 3 0 3 1 4 0
H? -4 2 -3 2 -3 3 -2 3 -1 2 0 0 0 1 0 2
H? -4 3 -3 1 -3 2 -2 2 -1 2 0 0 0 1 0 2
H? -1 3 0 0 0 1 0 2 1 2 2 1 2 2 3 0
H? -1 3 0 0 0 1 0 2 1 2 2 2 3 1 4 0
H? -1 3 0 0 0 1 0 2 1 2 2 1 3 0 4 0
H? 0 0 0 1 0 2 1 2 1 3 2 2 3 1 4 0
H? 0 0 0 1 0 2 1 2 1 3 2 1 3 1 4 0
H? 0 0 0 1 0 2 1 2 1 3 2 1 3 0 4 0
H? 0 0 0 1 0 2 1 2 2 1 3 0 4 0 5 0
H? -5 3 -4 3 -3 3 -2 3 -2 4 -1 2 0 0 0 1
H? -5 2 -4 2 -4 3 -3 3 -2 3 -1 2 0 0 0 1
H? -5 2 -4 2 -3 2 -3 3 -2 3 -1 2 0 0 0 1
H? -4 1 -4 2 -3 2 -3 3 -2 2 -1 2 0 0 0 1
H? -4 1 -3 1 -3 3 -2 1 -2 2 -1 2 0 0 0 1
H? -5 2 -4 2 -4 3 -3 3 -2 2 -1 2 0 0 0 1
H? -4 1 -4 3 -3 1 -3 2 -2 2 -1 2 0 0 0 1
H? -5 3 -4 1 -4 2 -3 2 -2 2 -1 2 0 0 0 1
H? -6 3 -5 2 -4 2 -3 2 -2 2 -1 2 0 0 0 1
H? -4 2 -3 2 -2 2 -2 3 -1 1 -1 2 0 0 0 2
H? -4 2 -3 2 -3 3 -2 2 -1 1 -1 2 0 0 0 2
H? -5 2 -4 2 -3 2 -3 3 -2 2 -1 1 -1 2 0 0
H? -4 1 -4 2 -3 2 -3 3 -2 2 -1 1 -1 2 0 0
H? -5 2 -4 2 -4 3 -3 3 -2 2 -1 1 -1 2 0 0
H? -5 2 -4 2 -4 3 -3 2 -2 2 -1 1 -1 2 0 0
H? -4 2 -3 1 -2 1 -2 3 -1 1 -1 2 0 0 0 2
H? -5 3 -4 2 -3 1 -2 1 -1 1 -1 2 0 0 0 2
H? -2 1 -1 1 -1 2 0 0 0 2 1 2 2 1 3 0
H? -2 1 -1 1 -1 2 0 0 0 2 1 1 2 0 2 1
H? -2 1 -1 1 -1 2 0 0 0 2 1 1 2 0 3 0
H? -5 2 -4 2 -3 1 -2 1 -1 1 -1 2 -1 3 0 0
H? -5 2 -4 1 -3 1 -2 1 -1 1 -1 2 -1 3 0 0
H? -5 2 -4 1 -3 1 -2 1 -2 3 -1 1 -1 2 0 0
H? -5 2 -4 2 -3 2 -3 3 -2 1 -1 1 -1 2 0 0
H? -5 2 -4 2 -4 3 -3 2 -2 1 -1 1 -1 2 0 0
H? -5 3 -4 1 -4 2 -3 1 -2 1 -1 1 -1 2 0 0
H? -5 2 -4 2 -4 3 -3 1 -2 1 -1 1 -1 2 0 0
H? -4 2 -3 2 -3 3 -2 3 -1 1 -1 2 0 0 0 2
H? -1 1 -1 2 0 0 0 2 0 3 1 1 2 0 3 0
H? -1 1 -1 2 0 0 0 2 1 1 2 1 3 0 4 0
H? -1 1 -1 2 0 0 0 2 1 1 2 0 3 0 3 1
H? -5 2 -4 2 -4 3 -3 3 -2 3 -1 1 -1 2 0 0
H? -5 2 -4 2 -3 2 -3 3 -2 3 -1 1 -1 2 0 0
H? -4 2 -3 2 -2 1 -2 2 -2 3 -2 4 -1 1 0 0
H? -5 2 -4 2 -3 2 -2 1 -2 2 -2 3 -1 1 0 0
H? -5 1 -4 1 -3 1 -2 1 -2 2 -2 3 -1 1 0 0
H? -4 1 -3 1 -3 3 -3 4 -2 1 -2 2 -1 1 0 0
H? -5 2 -4 2 -4 3 -3 3 -2 2 -2 3 -1 1 0 0
H? -4 3 -3 1 -3 2 -2 2 -2 3 -2 4 -1 1 0 0
H? -5 2 -4 2 -3 2 -2 2 -2 3 -2 4 -1 1 0 0
H? -5 2 -4 2 -3 2 -3 4 -2 2 -2 3 -1 1 0 0
H? -5 2 -4 2 -4 3 -3 2 -2 2 -2 3 -1 1 0 0
H? -5 2 -4 1 -4 2 -3 2 -2 2 -2 3 -1 1 0 0
H? -5 2 -4 2 -3 2 -3 3 -3 4 -2 2 -1 1 0 0
H? -5 1 -5 2 -4 2 -3 2 -3 3 -2 2 -1 1 0 0
H? -6 2 -5 2 -5 3 -4 3 -3 3 -2 2 -1 1 0 0
H? -5 1 -4 1 -4 2 -4 3 -3 3 -2 2 -1 1 0 0
H? -6 2 -5 2 -4 2 -4 3 -3 2 -2 2 -1 1 0 0
H? -5 1 -5 2 -4 2 -4 3 -3 2 -2 2 -1 1 0 0
H? -5 1 -4 1 -4 2 -4 3 -3 2 -2 2 -1 1 0 0
H? -5 1 -4 1 -4 3 -3 1 -3 2 -2 2 -1 1 0 0
H? -6 2 -5 2 -5 3 -4 3 -3 2 -2 2 -1 1 0 0
H? -6 1 -5 1 -4 1 -4 2 -3 2 -2 2 -1 1 0 0
H? -5 1 -4 1 -3 1 -3 2 -3 3 -2 1 -1 1 0 0
H? -5 2 -4 2 -3 2 -3 3 -2 1 -2 3 -1 1 0 0
H? -5 2 -4 2 -3 2 -3 3 -3 4 -2 1 -1 1 0 0
H? -5 1 -5 2 -4 2 -3 2 -3 3 -2 1 -1 1 0 0
H? -5 1 -4 1 -4 2 -4 3 -3 2 -2 1 -1 1 0 0
H? -6 2 -5 2 -5 3 -4 3 -3 2 -2 1 -1 1 0 0
H? -5 1 -5 2 -4 2 -4 3 -3 1 -2 1 -1 1 0 0
H? -6 2 -5 2 -5 3 -4 1 -3 1 -2 1 -1 1 0 0
