I 3 -6 1 -5 0 -3 3 -3 1 -2 4 -2 0 0 -2 1 1 1 0 3
~ 3 3 1
44
0 <1,0,0,0,1,0>
1 <1,1,-8,0,-1,4>
1 <-1,-1,-6,1,0,-3>
1 <0,1,3,-1,-1,-9>
1 <1,0,6,0,1,-6>
1 <-1,0,-2,1,1,7>
1 <0,-1,4,1,1,1>
3 <1,1,7,-1,0,13>
2 <0,1,-6,1,0,15>
2 <-1,0,1,0,-1,10>
2 <1,1,7,-1,0,7>
2 <1,1,-17,-1,0,16>
2 <0,-1,-11,-1,0,13>
2 <-1,0,-11,0,-1,1>
2 <1,1,-17,-1,0,10>
3 <1,1,-2,0,-1,19>
3 <-1,-1,-9,0,1,24>
2 <0,1,15,-1,-1,-9>
3 <0,-1,-20,1,1,4>
2 <-1,-1,12,1,0,-15>
2 <1,0,0,-1,-1,-18>
3 <0,-1,13,1,1,-20>
3 <1,0,18,-1,-1,-18>
2 <-1,-1,6,0,1,-15>
2 <-1,0,-2,1,1,-11>
2 <0,-1,-11,-1,0,-5>
2 <-1,0,13,0,-1,-2>
3 <1,1,-17,-1,0,-2>
3 <-1,0,19,0,-1,-8>
3 <1,1,16,0,-1,1>
3 <1,0,3,-1,-1,18>
3 <1,0,-15,-1,-1,21>
3 <0,-1,13,-1,0,10>
3 <0,1,-27,1,0,18>
3 <-1,0,-23,1,1,13>
3 <1,1,-20,0,-1,22>
3 <0,-1,-26,1,1,22>
3 <1,1,-8,0,-1,-14>
3 <1,1,25,-1,0,-11>
3 <-1,-1,-15,0,1,-9>
3 <0,1,9,1,0,-24>
3 <-1,0,16,0,-1,-29>
3 <1,0,3,0,1,-27>
3 <1,0,-3,0,1,-21>
I 0 -6 1 -5 4 -5 0 -3 3 -3 1 -2 0 0 -2 1 1 1 0 3
! 1
185
0 <1,0,0,0,1,0>
1 <-1,0,4,0,-1,4>
