I? 0 0 3 0 -2 1 1 1 4 1 -3 3 0 3 -2 4 1 4 0 6 -2 7
I? 0 0 3 0 6 0 -2 1 1 1 4 1 7 1 -3 3 0 3 6 3 1 4
I? 0 0 3 0 -2 1 1 1 4 1 -3 3 0 3 1 4 0 6 3 6 1 7
I? 0 0 3 0 6 0 -2 1 1 1 4 1 7 1 -3 3 0 3 6 3 -2 4
I? 0 0 3 0 -2 1 1 1 4 1 -3 3 0 3 3 3 -2 4 -3 6 -2 7
I? 0 0 3 0 -5 1 -2 1 1 1 4 1 -6 3 -3 3 0 3 3 3 -5 4
I? 0 0 3 0 -2 1 1 1 4 1 -3 3 0 3 3 3 -5 4 -6 6 -5 7
I? 0 0 3 0 6 0 -2 1 1 1 4 1 7 1 -3 3 0 3 6 3 4 4
I? 0 0 3 0 -2 1 1 1 -3 3 0 3 3 3 1 4 4 4 3 6 1 7
I? 0 0 3 0 -2 1 1 1 -3 3 0 3 1 4 4 4 0 6 3 6 1 7
I? 0 0 3 0 -2 1 1 1 4 1 0 3 -2 4 1 4 -3 6 0 6 -2 7
I? 0 0 3 0 -5 1 -2 1 1 1 4 1 -6 3 -3 3 3 3 -5 4 -2 4
I? 0 0 3 0 6 0 -2 1 1 1 4 1 7 1 -3 3 6 3 -2 4 4 4
I? 0 0 3 0 -2 1 1 1 4 1 -3 3 3 3 -2 4 -6 6 -3 6 -5 7
I? 0 0 3 0 -5 1 -2 1 1 1 4 1 -6 3 -3 3 3 3 -5 4 1 4
I? 0 0 3 0 -2 1 1 1 4 1 -3 3 3 3 -5 4 1 4 -6 6 -5 7
I? 0 0 6 0 -2 1 1 1 4 1 7 1 -3 3 0 3 3 3 6 3 1 4
I? 0 0 -2 1 1 1 -6 3 -3 3 0 3 -8 4 -5 4 -2 4 -9 6 -8 7
I? 0 0 -5 1 -2 1 1 1 -6 3 -3 3 0 3 -5 4 -9 6 -6 6 -8 7
I? 0 0 -5 1 -2 1 1 1 -6 3 -3 3 -5 4 -2 4 -3 6 0 6 -2 7
I? 0 0 -5 1 -2 1 -6 3 -3 3 -5 4 -2 4 1 4 -3 6 0 6 -2 7
I? 1 -2 4 -2 -3 0 0 0 3 0 -2 1 1 1 4 1 -3 3 0 3 1 4
I? 1 -2 4 -2 -3 0 0 0 3 0 -2 1 1 1 4 1 -3 3 0 3 -2 4
I? 1 -2 4 -2 -3 0 0 0 3 0 -2 1 1 1 4 1 -3 3 0 3 -5 4
I? 1 -2 4 -2 -3 0 0 0 3 0 6 0 -2 1 1 1 4 1 -3 3 0 3
I? 1 -2 -3 0 0 0 3 0 -5 1 -2 1 1 1 4 1 -3 3 0 3 -2 4
I? 1 -2 4 -2 -3 0 0 0 3 0 -2 1 1 1 -3 3 0 3 -2 4 1 4
I? 1 -2 4 -2 -3 0 0 0 3 0 -5 1 -2 1 1 1 -3 3 0 3 1 4
I? 1 -2 4 -2 -3 0 0 0 3 0 -2 1 1 1 -3 3 0 3 -5 4 1 4
I? 1 -2 4 -2 -3 0 0 0 3 0 -2 1 1 1 -3 3 0 3 3 3 1 4
I? 1 -2 4 -2 -3 0 0 0 3 0 -2 1 1 1 -3 3 0 3 1 4 0 6
I? 1 -2 4 -2 -3 0 0 0 3 0 -5 1 -2 1 1 1 -3 3 0 3 -2 4
I? 1 -2 4 -2 -3 0 0 0 3 0 -2 1 1 1 -3 3 0 3 -5 4 -2 4
I? 1 -2 4 -2 -3 0 0 0 3 0 -2 1 1 1 -3 3 0 3 -2 4 -3 6
I? 1 -2 4 -2 -3 0 0 0 3 0 -5 1 -2 1 1 1 -3 3 0 3 -5 4
I? 1 -2 4 -2 -6 0 -3 0 0 0 3 0 -5 1 -2 1 1 1 -3 3 0 3
I? 1 -2 4 -2 -3 0 0 0 3 0 -2 1 1 1 -6 3 -3 3 0 3 -5 4
I? 1 -2 4 -2 -3 0 0 0 3 0 -2 1 1 1 -3 3 0 3 -5 4 -6 6
I? 1 -2 -3 0 0 0 3 0 -5 1 -2 1 1 1 -3 3 0 3 -2 4 1 4
I? 1 -2 -3 0 0 0 3 0 -2 1 1 1 -3 3 0 3 -5 4 -2 4 1 4
I? 1 -2 -3 0 0 0 3 0 -5 1 -2 1 1 1 -3 3 0 3 1 4 0 6
I? 1 -2 -6 0 -3 0 0 0 3 0 -5 1 -2 1 1 1 -3 3 0 3 1 4
I? 1 -2 -3 0 0 0 3 0 -5 1 -2 1 1 1 -6 3 -3 3 0 3 1 4
I? 1 -2 -6 0 -3 0 0 0 3 0 -5 1 -2 1 1 1 -3 3 0 3 -2 4
I? 1 -2 -3 0 0 0 3 0 -5 1 -2 1 1 1 -6 3 -3 3 0 3 -2 4
I? 1 -2 -6 0 -3 0 0 0 3 0 -5 1 -2 1 1 1 -3 3 0 3 -5 4
I? 1 -2 -3 0 0 0 3 0 -5 1 -2 1 1 1 -6 3 -3 3 0 3 -5 4
I? 1 -2 -3 0 0 0 3 0 -5 1 -2 1 1 1 -3 3 0 3 -5 4 -6 6
I? 1 -2 -3 0 0 0 3 0 -5 1 -2 1 1 1 -6 3 -3 3 0 3 -8 4
I? 1 -2 -3 0 0 0 3 0 -2 1 1 1 -6 3 -3 3 0 3 -8 4 -5 4
I? 1 -2 4 -2 -3 0 0 0 3 0 -2 1 1 1 4 1 0 3 -2 4 1 4
I? 1 -2 4 -2 -3 0 0 0 3 0 -5 1 -2 1 1 1 4 1 0 3 1 4
I? 1 -2 4 -2 -3 0 0 0 3 0 -2 1 1 1 4 1 0 3 3 3 1 4
I? 1 -2 4 -2 -3 0 0 0 3 0 -2 1 1 1 4 1 0 3 1 4 0 6
I? 1 -2 4 -2 -3 0 0 0 3 0 -5 1 -2 1 1 1 4 1 0 3 -2 4
I? 1 -2 4 -2 -3 0 0 0 3 0 6 0 -2 1 1 1 4 1 0 3 -2 4
I? 1 -2 4 -2 -3 0 0 0 3 0 -2 1 1 1 4 1 0 3 3 3 -2 4
I? 1 -2 4 -2 -3 0 0 0 3 0 -2 1 1 1 4 1 0 3 -2 4 -3 6
I? 1 -2 4 -2 -3 0 0 0 3 0 6 0 -5 1 -2 1 1 1 4 1 0 3
I? 1 -2 4 -2 -6 0 -3 0 0 0 3 0 -5 1 -2 1 1 1 4 1 0 3
I? 1 -2 4 -2 -3 0 0 0 3 0 -5 1 -2 1 1 1 4 1 -6 3 0 3
I? 1 -2 4 -2 7 -2 -3 0 0 0 3 0 6 0 -2 1 1 1 4 1 0 3
I? 1 -2 4 -2 -3 0 0 0 3 0 -2 1 1 1 4 1 0 3 3 3 4 4
I? 1 -2 7 -2 -3 0 0 0 3 0 6 0 -2 1 1 1 4 1 0 3 1 4
I? 1 -2 -6 0 -3 0 0 0 3 0 -5 1 -2 1 1 1 4 1 0 3 -2 4
I? 1 -2 -3 0 0 0 3 0 -5 1 -2 1 1 1 4 1 -6 3 0 3 -2 4
I? 1 -2 7 -2 -3 0 0 0 3 0 6 0 -2 1 1 1 4 1 0 3 -2 4
I? 1 -2 7 -2 -3 0 0 0 3 0 6 0 -5 1 -2 1 1 1 4 1 0 3
I? 1 -2 -3 0 0 0 3 0 -5 1 -2 1 1 1 4 1 -6 3 0 3 -5 4
I? 1 -2 -3 0 0 0 3 0 -5 1 -2 1 1 1 4 1 -6 3 0 3 -8 4
I? 1 -2 7 -2 -3 0 0 0 3 0 6 0 -2 1 1 1 4 1 7 1 0 3
I? 1 -2 4 -2 -3 0 0 0 3 0 -5 1 -2 1 1 1 0 3 -2 4 1 4
I? 1 -2 4 -2 -3 0 0 0 3 0 -2 1 1 1 0 3 3 3 -2 4 1 4
I? 1 -2 4 -2 -3 0 0 0 3 0 -2 1 1 1 0 3 -2 4 1 4 0 6
I? 1 -2 4 -2 -3 0 0 0 3 0 -2 1 1 1 0 3 -2 4 1 4 -3 6
I? 1 -2 4 -2 -3 0 0 0 3 0 -5 1 -2 1 1 1 0 3 3 3 1 4
I? 1 -2 4 -2 -3 0 0 0 3 0 -5 1 -2 1 1 1 0 3 1 4 0 6
I? 1 -2 4 -2 -6 0 -3 0 0 0 3 0 -5 1 -2 1 1 1 0 3 1 4
I? 1 -2 4 -2 -3 0 0 0 3 0 -5 1 -2 1 1 1 -6 3 0 3 1 4
I? 1 -2 4 -2 -3 0 0 0 3 0 -2 1 1 1 0 3 3 3 1 4 0 6
I? 1 -2 4 -2 -3 0 0 0 3 0 -2 1 1 1 0 3 3 3 1 4 4 4
I? 1 -2 4 -2 -3 0 0 0 3 0 -2 1 1 1 0 3 1 4 0 6 1 7
I? 1 -2 4 -2 -3 0 0 0 3 0 -2 1 1 1 0 3 1 4 0 6 -2 7
I? 1 -2 4 -2 -3 0 0 0 3 0 -5 1 -2 1 1 1 0 3 -2 4 -3 6
I? 1 -2 4 -2 -6 0 -3 0 0 0 3 0 -5 1 -2 1 1 1 0 3 -2 4
I? 1 -2 4 -2 -3 0 0 0 3 0 -5 1 -2 1 1 1 -6 3 0 3 -2 4
I? 1 -2 4 -2 -3 0 0 0 3 0 -2 1 1 1 0 3 -2 4 -3 6 -2 7
I? 1 -2 4 -2 -3 0 0 0 3 0 -2 1 1 1 0 3 -2 4 -3 6 -5 7
I? 1 -2 4 -2 -6 0 -3 0 0 0 3 0 -5 1 -2 1 1 1 -6 3 0 3
I? 1 -2 4 -2 -6 0 -3 0 0 0 3 0 -8 1 -5 1 -2 1 1 1 0 3
I? 1 -2 4 -2 -3 0 0 0 3 0 -5 1 -2 1 1 1 -6 3 0 3 -5 4
I? 1 -2 4 -2 -3 0 0 0 3 0 -5 1 -2 1 1 1 -6 3 0 3 -8 4
I? 1 -2 -6 0 -3 0 0 0 3 0 -5 1 -2 1 1 1 0 3 -2 4 1 4
I? 1 -2 -3 0 0 0 3 0 -5 1 -2 1 1 1 -6 3 0 3 -2 4 1 4
I? 1 -2 -3 0 0 0 3 0 -5 1 -2 1 1 1 0 3 3 3 1 4 4 4
I? 1 -2 -6 0 -3 0 0 0 3 0 -5 1 -2 1 1 1 0 3 1 4 0 6
I? 1 -2 -3 0 0 0 3 0 -5 1 -2 1 1 1 -6 3 0 3 1 4 0 6
I? 1 -2 -6 0 -3 0 0 0 3 0 -5 1 -2 1 1 1 -6 3 0 3 1 4
I? 1 -2 -6 0 -3 0 0 0 3 0 -8 1 -5 1 -2 1 1 1 0 3 1 4
I? 1 -2 -3 0 0 0 3 0 -5 1 -2 1 1 1 -6 3 0 3 -5 4 1 4
I? 1 -2 -3 0 0 0 3 0 -5 1 -2 1 1 1 -6 3 0 3 -8 4 1 4
I? 1 -2 -6 0 -3 0 0 0 3 0 -5 1 -2 1 1 1 0 3 -2 4 -3 6
I? 1 -2 -3 0 0 0 3 0 -5 1 -2 1 1 1 -6 3 0 3 -2 4 -3 6
I? 1 -2 -6 0 -3 0 0 0 3 0 -5 1 -2 1 1 1 -6 3 0 3 -2 4
I? 1 -2 -6 0 -3 0 0 0 3 0 -8 1 -5 1 -2 1 1 1 0 3 -2 4
I? 1 -2 -3 0 0 0 3 0 -5 1 -2 1 1 1 -6 3 0 3 -8 4 -2 4
I? 1 -2 -6 0 -3 0 0 0 3 0 -5 1 -2 1 1 1 -6 3 0 3 -5 4
I? 1 -2 -6 0 -3 0 0 0 3 0 -5 1 -2 1 1 1 -6 3 0 3 -8 4
I? 1 -2 -9 0 -6 0 -3 0 0 0 3 0 -8 1 -5 1 -2 1 1 1 0 3
I? 1 -2 -3 0 0 0 3 0 -5 1 -2 1 1 1 -6 3 0 3 -8 4 -5 4
I? 1 -2 -3 0 0 0 3 0 -5 1 -2 1 1 1 -6 3 0 3 -5 4 -6 6
I? 1 -2 -3 0 0 0 3 0 -5 1 -2 1 1 1 -9 3 -6 3 0 3 -8 4
I? 1 -2 -3 0 0 0 3 0 -5 1 -2 1 1 1 -6 3 0 3 -8 4 -9 6
I? 1 -2 4 -2 0 0 3 0 -2 1 1 1 4 1 -3 3 0 3 -2 4 1 4
I? 1 -2 4 -2 0 0 3 0 -2 1 1 1 4 1 -3 3 0 3 -5 4 1 4
I? 1 -2 4 -2 0 0 3 0 -2 1 1 1 4 1 -3 3 0 3 1 4 0 6
I? 1 -2 4 -2 0 0 3 0 -2 1 1 1 4 1 -3 3 0 3 -5 4 -2 4
I? 1 -2 4 -2 0 0 3 0 -2 1 1 1 4 1 -3 3 0 3 3 3 -2 4
I? 1 -2 4 -2 0 0 3 0 -2 1 1 1 4 1 -3 3 0 3 -2 4 -3 6
I? 1 -2 4 -2 0 0 3 0 -2 1 1 1 4 1 -3 3 0 3 3 3 -5 4
I? 1 -2 4 -2 0 0 3 0 -2 1 1 1 4 1 -6 3 -3 3 0 3 -5 4
I? 1 -2 4 -2 0 0 3 0 -2 1 1 1 4 1 -3 3 0 3 -5 4 -6 6
I? 1 -2 4 -2 7 -2 0 0 3 0 6 0 -2 1 1 1 4 1 -3 3 0 3
I? 1 -2 7 -2 0 0 3 0 6 0 -2 1 1 1 4 1 -3 3 0 3 1 4
I? 1 -2 7 -2 0 0 3 0 6 0 -2 1 1 1 4 1 -3 3 0 3 -2 4
I? 1 -2 7 -2 0 0 3 0 6 0 -2 1 1 1 4 1 -3 3 0 3 -5 4
I? 1 -2 4 -2 0 0 3 0 -2 1 1 1 -3 3 0 3 -5 4 -2 4 1 4
I? 1 -2 4 -2 0 0 3 0 -2 1 1 1 -3 3 0 3 3 3 -2 4 1 4
I? 1 -2 4 -2 0 0 3 0 -2 1 1 1 -3 3 0 3 -2 4 1 4 0 6
I? 1 -2 4 -2 0 0 3 0 -2 1 1 1 -3 3 0 3 -2 4 1 4 -3 6
I? 1 -2 4 -2 0 0 3 0 -2 1 1 1 -3 3 0 3 3 3 -5 4 1 4
I? 1 -2 4 -2 0 0 3 0 -2 1 1 1 -3 3 0 3 -5 4 1 4 0 6
I? 1 -2 4 -2 0 0 3 0 -2 1 1 1 -6 3 -3 3 0 3 -5 4 1 4
I? 1 -2 4 -2 0 0 3 0 -2 1 1 1 -3 3 0 3 -5 4 1 4 -6 6
I? 1 -2 4 -2 0 0 3 0 -2 1 1 1 -3 3 0 3 3 3 1 4 0 6
I? 1 -2 4 -2 0 0 3 0 -2 1 1 1 -3 3 0 3 3 3 1 4 4 4
I? 1 -2 4 -2 0 0 3 0 -2 1 1 1 -3 3 0 3 1 4 0 6 1 7
I? 1 -2 4 -2 0 0 3 0 -2 1 1 1 -3 3 0 3 1 4 0 6 -2 7
I? 1 -2 4 -2 0 0 3 0 -2 1 1 1 -3 3 0 3 -5 4 -2 4 -3 6
I? 1 -2 4 -2 0 0 3 0 -2 1 1 1 -6 3 -3 3 0 3 -5 4 -2 4
I? 1 -2 4 -2 0 0 3 0 -2 1 1 1 -3 3 0 3 -5 4 -2 4 -6 6
I? 1 -2 4 -2 0 0 3 0 -2 1 1 1 -3 3 0 3 -2 4 -3 6 -2 7
I? 1 -2 4 -2 0 0 3 0 -2 1 1 1 -3 3 0 3 -2 4 -3 6 -5 7
I? 1 -2 4 -2 0 0 3 0 -2 1 1 1 -6 3 -3 3 0 3 -5 4 -6 6
I? 1 -2 4 -2 0 0 3 0 -2 1 1 1 -6 3 -3 3 0 3 -8 4 -5 4
I? 1 -2 4 -2 0 0 3 0 -5 1 -2 1 1 1 -6 3 -3 3 0 3 -5 4
I? 1 -2 4 -2 0 0 3 0 -2 1 1 1 -3 3 0 3 -5 4 -6 6 -5 7
I? 1 -2 4 -2 0 0 3 0 -2 1 1 1 -3 3 0 3 -5 4 -6 6 -8 7
I? 1 -2 -6 0 0 0 3 0 -5 1 -2 1 1 1 -6 3 -3 3 0 3 -5 4
I? 1 -2 4 -2 7 -2 0 0 3 0 6 0 -2 1 1 1 4 1 0 3 1 4
I? 1 -2 4 -2 7 -2 0 0 3 0 6 0 -2 1 1 1 4 1 0 3 -2 4
I? 1 -2 4 -2 0 0 3 0 -2 1 1 1 4 1 0 3 -2 4 -3 6 -2 7
I? 1 -2 4 -2 0 0 3 0 -2 1 1 1 4 1 0 3 -2 4 -3 6 -5 7
I? 1 -2 4 -2 7 -2 0 0 3 0 6 0 -2 1 1 1 4 1 0 3 3 3
I? 1 -2 4 -2 7 -2 0 0 3 0 6 0 -2 1 1 1 4 1 7 1 0 3
I? 1 -2 7 -2 0 0 3 0 6 0 -2 1 1 1 4 1 0 3 3 3 1 4
I? 1 -2 7 -2 0 0 3 0 6 0 -2 1 1 1 4 1 0 3 1 4 0 6
I? 1 -2 7 -2 0 0 3 0 6 0 -2 1 1 1 4 1 7 1 0 3 1 4
I? 1 -2 7 -2 0 0 3 0 6 0 -2 1 1 1 4 1 0 3 -2 4 -3 6
I? 1 -2 7 -2 0 0 3 0 6 0 -2 1 1 1 4 1 0 3 3 3 4 4
I? 1 -2 10 -2 0 0 3 0 6 0 9 0 -2 1 1 1 4 1 7 1 0 3
I? 1 -2 4 -2 0 0 3 0 -2 1 1 1 0 3 3 3 -2 4 1 4 -3 6
I? 1 -2 4 -2 0 0 3 0 -2 1 1 1 0 3 -2 4 1 4 -3 6 0 6
I? 1 -2 4 -2 0 0 3 0 -2 1 1 1 0 3 -2 4 1 4 -3 6 -5 7
I? 1 -2 4 -2 0 0 3 0 -2 1 1 1 0 3 3 3 1 4 4 4 0 6
I? 1 -2 4 -2 0 0 3 0 -2 1 1 1 0 3 3 3 1 4 0 6 1 7
I? 1 -2 4 -2 0 0 3 0 -2 1 1 1 0 3 3 3 1 4 0 6 -2 7
I? 1 -2 4 -2 0 0 3 0 -2 1 1 1 0 3 3 3 6 3 1 4 4 4
I? 1 -2 4 -2 0 0 3 0 -2 1 1 1 0 3 3 3 1 4 4 4 3 6
I? 1 -2 4 -2 0 0 3 0 -2 1 1 1 0 3 1 4 0 6 -2 7 1 7
I? 1 -2 4 -2 0 0 3 0 -2 1 1 1 0 3 1 4 0 6 3 6 1 7
I? 1 -2 4 -2 0 0 3 0 -2 1 1 1 0 3 1 4 0 6 1 7 0 9
I? 1 -2 4 -2 0 0 3 0 -2 1 1 1 0 3 1 4 -3 6 0 6 -2 7
I? 1 -2 4 -2 0 0 3 0 -2 1 1 1 0 3 1 4 0 6 -2 7 -3 9
I? 1 -2 4 -2 0 0 3 0 -2 1 1 1 0 3 -2 4 -3 6 -5 7 -2 7
I? 1 -2 4 -2 0 0 3 0 -2 1 1 1 0 3 -2 4 -3 6 0 6 -2 7
I? 1 -2 4 -2 0 0 3 0 -2 1 1 1 0 3 -2 4 -3 6 -2 7 -3 9
I? 1 -2 4 -2 0 0 3 0 -2 1 1 1 0 3 -2 4 -6 6 -3 6 -5 7
I? 1 -2 4 -2 0 0 3 0 -2 1 1 1 0 3 -2 4 -3 6 -5 7 -6 9
I? 1 -2 4 -2 -3 0 0 0 3 0 -5 1 -2 1 1 1 4 1 -3 3 -2 4
I? 1 -2 4 -2 -3 0 0 0 3 0 -5 1 -2 1 1 1 4 1 -3 3 -5 4
I? 1 -2 4 -2 -3 0 0 0 3 0 6 0 -5 1 -2 1 1 1 4 1 -3 3
I? 1 -2 4 -2 -3 0 0 0 3 0 -5 1 -2 1 1 1 4 1 -3 3 3 3
I? 1 -2 4 -2 -6 0 -3 0 0 0 3 0 -5 1 -2 1 1 1 4 1 -3 3
I? 1 -2 4 -2 -3 0 0 0 3 0 -2 1 1 1 4 1 -3 3 -5 4 -2 4
I? 1 -2 4 -2 -3 0 0 0 3 0 6 0 -2 1 1 1 4 1 -3 3 -2 4
I? 1 -2 4 -2 -3 0 0 0 3 0 -2 1 1 1 4 1 -3 3 3 3 -2 4
I? 1 -2 4 -2 -3 0 0 0 3 0 -2 1 1 1 4 1 -3 3 -2 4 -3 6
I? 1 -2 4 -2 -3 0 0 0 3 0 6 0 -2 1 1 1 4 1 -3 3 -5 4
I? 1 -2 4 -2 -3 0 0 0 3 0 -2 1 1 1 4 1 -3 3 3 3 -5 4
I? 1 -2 4 -2 -3 0 0 0 3 0 -2 1 1 1 4 1 -6 3 -3 3 -5 4
I? 1 -2 4 -2 -3 0 0 0 3 0 -2 1 1 1 4 1 -3 3 -5 4 -6 6
I? 1 -2 4 -2 -3 0 0 0 3 0 6 0 -2 1 1 1 4 1 -3 3 3 3
I? 1 -2 4 -2 7 -2 -3 0 0 0 3 0 6 0 -2 1 1 1 4 1 -3 3
I? 1 -2 4 -2 -3 0 0 0 3 0 -2 1 1 1 4 1 -3 3 3 3 4 4
I? 1 -2 4 -2 -3 0 0 0 3 0 -2 1 1 1 4 1 -3 3 3 3 1 4
I? 1 -2 -6 0 -3 0 0 0 3 0 -5 1 -2 1 1 1 4 1 -3 3 -2 4
I? 1 -2 -3 0 0 0 3 0 -5 1 -2 1 1 1 4 1 -6 3 -3 3 -2 4
I? 1 -2 -6 0 -3 0 0 0 3 0 -5 1 -2 1 1 1 4 1 -3 3 -5 4
I? 1 -2 -3 0 0 0 3 0 -5 1 -2 1 1 1 4 1 -6 3 -3 3 -5 4
I? 1 -2 -3 0 0 0 3 0 -5 1 -2 1 1 1 4 1 -3 3 -5 4 -6 6
I? 1 -2 -6 0 -3 0 0 0 3 0 6 0 -5 1 -2 1 1 1 4 1 -3 3
I? 1 -2 7 -2 -3 0 0 0 3 0 6 0 -5 1 -2 1 1 1 4 1 -3 3
I? 1 -2 -3 0 0 0 3 0 -5 1 -2 1 1 1 4 1 -6 3 -3 3 -8 4
I? 1 -2 7 -2 -3 0 0 0 3 0 6 0 -2 1 1 1 4 1 -3 3 -2 4
I? 1 -2 7 -2 -3 0 0 0 3 0 6 0 -2 1 1 1 4 1 -3 3 -5 4
I? 1 -2 7 -2 -3 0 0 0 3 0 6 0 -2 1 1 1 4 1 -3 3 3 3
I? 1 -2 7 -2 -3 0 0 0 3 0 6 0 -2 1 1 1 4 1 7 1 -3 3
I? 1 -2 4 -2 -3 0 0 0 3 0 -5 1 -2 1 1 1 -3 3 -5 4 -2 4
I? 1 -2 4 -2 -6 0 -3 0 0 0 3 0 -5 1 -2 1 1 1 -3 3 -2 4
I? 1 -2 4 -2 -3 0 0 0 3 0 -5 1 -2 1 1 1 -6 3 -3 3 -2 4
I? 1 -2 4 -2 -3 0 0 0 3 0 -5 1 -2 1 1 1 -3 3 -2 4 -3 6
I? 1 -2 4 -2 -6 0 -3 0 0 0 3 0 -5 1 -2 1 1 1 -3 3 -5 4
I? 1 -2 4 -2 -3 0 0 0 3 0 -5 1 -2 1 1 1 -6 3 -3 3 -5 4
I? 1 -2 4 -2 -3 0 0 0 3 0 -5 1 -2 1 1 1 -3 3 -5 4 -6 6
I? 1 -2 4 -2 -6 0 -3 0 0 0 3 0 -5 1 -2 1 1 1 -6 3 -3 3
I? 1 -2 4 -2 -6 0 -3 0 0 0 3 0 -8 1 -5 1 -2 1 1 1 -3 3
I? 1 -2 4 -2 -3 0 0 0 3 0 -5 1 -2 1 1 1 -6 3 -3 3 -8 4
I? 1 -2 4 -2 -3 0 0 0 3 0 -2 1 1 1 -3 3 -5 4 -2 4 -3 6
I? 1 -2 4 -2 -3 0 0 0 3 0 -2 1 1 1 -3 3 -5 4 -2 4 -6 6
I? 1 -2 4 -2 -3 0 0 0 3 0 -2 1 1 1 -3 3 -2 4 -3 6 -2 7
I? 1 -2 4 -2 -3 0 0 0 3 0 -2 1 1 1 -3 3 -2 4 -3 6 -5 7
I? 1 -2 4 -2 -3 0 0 0 3 0 -2 1 1 1 -6 3 -3 3 -8 4 -5 4
I? 1 -2 4 -2 -3 0 0 0 3 0 -2 1 1 1 -3 3 -5 4 -6 6 -5 7
I? 1 -2 4 -2 -3 0 0 0 3 0 -2 1 1 1 -3 3 -5 4 -6 6 -8 7
I? 1 -2 -6 0 -3 0 0 0 3 0 -5 1 -2 1 1 1 -3 3 -5 4 -2 4
I? 1 -2 -3 0 0 0 3 0 -5 1 -2 1 1 1 -6 3 -3 3 -5 4 -2 4
I? 1 -2 -3 0 0 0 3 0 -5 1 -2 1 1 1 -3 3 -5 4 -2 4 -6 6
I? 1 -2 -6 0 -3 0 0 0 3 0 -5 1 -2 1 1 1 -6 3 -3 3 -2 4
I? 1 -2 -6 0 -3 0 0 0 3 0 -5 1 -2 1 1 1 -3 3 -2 4 -3 6
I? 1 -2 -6 0 -3 0 0 0 3 0 -8 1 -5 1 -2 1 1 1 -3 3 -2 4
I? 1 -2 -3 0 0 0 3 0 -5 1 -2 1 1 1 -6 3 -3 3 -2 4 -3 6
I? 1 -2 -3 0 0 0 3 0 -5 1 -2 1 1 1 -6 3 -3 3 -8 4 -2 4
I? 1 -2 -6 0 -3 0 0 0 3 0 -5 1 -2 1 1 1 -6 3 -3 3 -5 4
I? 1 -2 -6 0 -3 0 0 0 3 0 -5 1 -2 1 1 1 -3 3 -5 4 -6 6
I? 1 -2 -6 0 -3 0 0 0 3 0 -8 1 -5 1 -2 1 1 1 -3 3 -5 4
I? 1 -2 -3 0 0 0 3 0 -5 1 -2 1 1 1 -6 3 -3 3 -5 4 -6 6
I? 1 -2 -3 0 0 0 3 0 -5 1 -2 1 1 1 -6 3 -3 3 -8 4 -5 4
I? 1 -2 -3 0 0 0 3 0 -5 1 -2 1 1 1 -3 3 -5 4 -6 6 -5 7
I? 1 -2 -3 0 0 0 3 0 -5 1 -2 1 1 1 -3 3 -5 4 -6 6 -8 7
I? 1 -2 -6 0 -3 0 0 0 3 0 -5 1 -2 1 1 1 -6 3 -3 3 -8 4
I? 1 -2 -9 0 -6 0 -3 0 0 0 3 0 -8 1 -5 1 -2 1 1 1 -3 3
I? 1 -2 -3 0 0 0 3 0 -5 1 -2 1 1 1 -9 3 -6 3 -3 3 -8 4
I? 1 -2 -3 0 0 0 3 0 -5 1 -2 1 1 1 -6 3 -3 3 -8 4 -9 6
I? 1 -2 -3 0 0 0 3 0 -2 1 1 1 -6 3 -3 3 -8 4 -5 4 -2 4
I? 1 -2 -3 0 0 0 3 0 -2 1 1 1 -3 3 -2 4 -3 6 0 6 -2 7
I? 1 -2 -3 0 0 0 3 0 -2 1 1 1 -3 3 -2 4 -3 6 -2 7 -3 9
I? 1 -2 -3 0 0 0 3 0 -2 1 1 1 -3 3 -2 4 -6 6 -3 6 -5 7
I? 1 -2 -3 0 0 0 3 0 -2 1 1 1 -3 3 -2 4 -3 6 -5 7 -6 9
I? 1 -2 -3 0 0 0 3 0 -2 1 1 1 -6 3 -3 3 -8 4 -5 4 -6 6
I? 1 -2 -3 0 0 0 3 0 -2 1 1 1 -9 3 -6 3 -3 3 -8 4 -5 4
I? 1 -2 -3 0 0 0 3 0 -2 1 1 1 -6 3 -3 3 -8 4 -5 4 -9 6
I? 1 -2 4 -2 -3 0 0 0 3 0 6 0 -5 1 -2 1 1 1 4 1 3 3
I? 1 -2 4 -2 -6 0 -3 0 0 0 3 0 6 0 -5 1 -2 1 1 1 4 1
I? 1 -2 4 -2 -3 0 0 0 3 0 6 0 -5 1 -2 1 1 1 4 1 -6 3
I? 1 -2 4 -2 -3 0 0 0 3 0 6 0 -5 1 -2 1 1 1 4 1 7 1
I? 1 -2 4 -2 7 -2 -3 0 0 0 3 0 6 0 -5 1 -2 1 1 1 4 1
I? 1 -2 4 -2 -6 0 -3 0 0 0 3 0 -5 1 -2 1 1 1 4 1 3 3
I? 1 -2 4 -2 -3 0 0 0 3 0 -5 1 -2 1 1 1 4 1 -6 3 3 3
I? 1 -2 4 -2 -3 0 0 0 3 0 -5 1 -2 1 1 1 4 1 3 3 4 4
I? 1 -2 4 -2 -3 0 0 0 3 0 -5 1 -2 1 1 1 4 1 3 3 1 4
I? 1 -2 4 -2 -6 0 -3 0 0 0 3 0 -5 1 -2 1 1 1 4 1 -6 3
I? 1 -2 4 -2 -6 0 -3 0 0 0 3 0 -8 1 -5 1 -2 1 1 1 4 1
I? 1 -2 4 -2 -3 0 0 0 3 0 -5 1 -2 1 1 1 4 1 -6 3 -5 4
I? 1 -2 4 -2 -3 0 0 0 3 0 -5 1 -2 1 1 1 4 1 -6 3 -8 4
I? 1 -2 4 -2 7 -2 -3 0 0 0 3 0 6 0 -2 1 1 1 4 1 3 3
I? 1 -2 4 -2 7 -2 -3 0 0 0 3 0 6 0 -2 1 1 1 4 1 7 1
I? 1 -2 4 -2 -3 0 0 0 3 0 -2 1 1 1 4 1 3 3 1 4 4 4
I? 1 -2 4 -2 -3 0 0 0 3 0 -2 1 1 1 4 1 3 3 6 3 4 4
I? 1 -2 4 -2 -3 0 0 0 3 0 -2 1 1 1 4 1 3 3 4 4 3 6
I? 1 -2 4 -2 -3 0 0 0 3 0 -2 1 1 1 4 1 3 3 1 4 0 6
I? 1 -2 7 -2 -3 0 0 0 3 0 6 0 -5 1 -2 1 1 1 4 1 3 3
I? 1 -2 7 -2 -6 0 -3 0 0 0 3 0 6 0 -5 1 -2 1 1 1 4 1
I? 1 -2 -6 0 -3 0 0 0 3 0 6 0 -8 1 -5 1 -2 1 1 1 4 1
I? 1 -2 7 -2 -3 0 0 0 3 0 6 0 -5 1 -2 1 1 1 4 1 -6 3
I? 1 -2 7 -2 -3 0 0 0 3 0 6 0 -5 1 -2 1 1 1 4 1 7 1
I? 1 -2 -6 0 -3 0 0 0 3 0 -5 1 -2 1 1 1 4 1 3 3 4 4
I? 1 -2 -6 0 -3 0 0 0 3 0 -5 1 -2 1 1 1 4 1 3 3 1 4
I? 1 -2 -3 0 0 0 3 0 -5 1 -2 1 1 1 4 1 -6 3 3 3 -5 4
I? 1 -2 -3 0 0 0 3 0 -5 1 -2 1 1 1 4 1 -6 3 3 3 -8 4
I? 1 -2 -6 0 -3 0 0 0 3 0 -5 1 -2 1 1 1 4 1 -6 3 -5 4
I? 1 -2 -6 0 -3 0 0 0 3 0 -5 1 -2 1 1 1 4 1 -6 3 -8 4
I? 1 -2 -9 0 -6 0 -3 0 0 0 3 0 -8 1 -5 1 -2 1 1 1 4 1
I? 1 -2 -3 0 0 0 3 0 -5 1 -2 1 1 1 4 1 -6 3 -8 4 -5 4
I? 1 -2 -3 0 0 0 3 0 -5 1 -2 1 1 1 4 1 -6 3 -5 4 -6 6
I? 1 -2 -3 0 0 0 3 0 -5 1 -2 1 1 1 4 1 -9 3 -6 3 -8 4
I? 1 -2 -3 0 0 0 3 0 -5 1 -2 1 1 1 4 1 -6 3 -8 4 -9 6
I? 1 -2 7 -2 -3 0 0 0 3 0 6 0 -2 1 1 1 4 1 7 1 3 3
I? 1 -2 7 -2 -3 0 0 0 3 0 6 0 -2 1 1 1 4 1 3 3 4 4
I? 1 -2 7 -2 -3 0 0 0 3 0 6 0 -2 1 1 1 4 1 3 3 1 4
I? 1 -2 7 -2 -3 0 0 0 3 0 6 0 9 0 -2 1 1 1 4 1 7 1
I? 1 -2 7 -2 -3 0 0 0 3 0 6 0 -2 1 1 1 4 1 7 1 6 3
I? 1 -2 10 -2 -3 0 0 0 3 0 6 0 9 0 -2 1 1 1 4 1 7 1
I? 1 -2 4 -2 -6 0 -3 0 0 0 3 0 -8 1 -5 1 -2 1 1 1 -6 3
I? 1 -2 4 -2 -6 0 -3 0 0 0 3 0 -5 1 -2 1 1 1 -6 3 -5 4
I? 1 -2 4 -2 -6 0 -3 0 0 0 3 0 -5 1 -2 1 1 1 -6 3 -8 4
I? 1 -2 4 -2 -9 0 -6 0 -3 0 0 0 3 0 -8 1 -5 1 -2 1 1 1
I? 1 -2 4 -2 -6 0 -3 0 0 0 3 0 -8 1 -5 1 -2 1 1 1 -9 3
I? 1 -2 4 -2 -3 0 0 0 3 0 -5 1 -2 1 1 1 -6 3 -8 4 -5 4
I? 1 -2 4 -2 -3 0 0 0 3 0 -5 1 -2 1 1 1 -6 3 -5 4 -6 6
I? 1 -2 4 -2 -3 0 0 0 3 0 -5 1 -2 1 1 1 -9 3 -6 3 -8 4
I? 1 -2 4 -2 -3 0 0 0 3 0 -5 1 -2 1 1 1 -6 3 -8 4 -9 6
I? 1 -2 -6 0 -3 0 0 0 3 0 -8 1 -5 1 -2 1 1 1 -6 3 -5 4
I? 1 -2 -9 0 -6 0 -3 0 0 0 3 0 -8 1 -5 1 -2 1 1 1 -6 3
I? 1 -2 -6 0 -3 0 0 0 3 0 -5 1 -2 1 1 1 -6 3 -8 4 -5 4
I? 1 -2 -6 0 -3 0 0 0 3 0 -5 1 -2 1 1 1 -6 3 -5 4 -6 6
I? 1 -2 -6 0 -3 0 0 0 3 0 -5 1 -2 1 1 1 -6 3 -8 4 -9 6
I? 1 -2 -9 0 -6 0 -3 0 0 0 3 0 -8 1 -5 1 -2 1 1 1 -9 3
I? 1 -2 -9 0 -6 0 -3 0 0 0 3 0 -11 1 -8 1 -5 1 -2 1 1 1
I? 1 -2 -6 0 -3 0 0 0 3 0 -8 1 -5 1 -2 1 1 1 -9 3 -8 4
I? 1 -2 -6 0 -3 0 0 0 3 0 -8 1 -5 1 -2 1 1 1 -9 3 -11 4
I? 1 -2 -3 0 0 0 3 0 -5 1 -2 1 1 1 -6 3 -8 4 -5 4 -6 6
I? 1 -2 -3 0 0 0 3 0 -5 1 -2 1 1 1 -9 3 -6 3 -8 4 -5 4
I? 1 -2 -3 0 0 0 3 0 -5 1 -2 1 1 1 -6 3 -8 4 -5 4 -9 6
I? 1 -2 -3 0 0 0 3 0 -5 1 -2 1 1 1 -6 3 -5 4 -6 6 -5 7
I? 1 -2 -3 0 0 0 3 0 -5 1 -2 1 1 1 -6 3 -5 4 -6 6 -8 7
I? 1 -2 -3 0 0 0 3 0 -5 1 -2 1 1 1 -9 3 -6 3 -8 4 -9 6
I? 1 -2 -3 0 0 0 3 0 -5 1 -2 1 1 1 -9 3 -6 3 -11 4 -8 4
I? 1 -2 -3 0 0 0 3 0 -8 1 -5 1 -2 1 1 1 -9 3 -6 3 -8 4
I? 1 -2 -3 0 0 0 3 0 -5 1 -2 1 1 1 -6 3 -8 4 -9 6 -8 7
I? 1 -2 -3 0 0 0 3 0 -5 1 -2 1 1 1 -6 3 -8 4 -9 6 -11 7
I? 1 -2 4 -2 0 0 3 0 -2 1 1 1 4 1 -3 3 3 3 -5 4 -2 4
I? 1 -2 4 -2 0 0 3 0 -2 1 1 1 4 1 -3 3 -5 4 -2 4 -3 6
I? 1 -2 4 -2 0 0 3 0 -2 1 1 1 4 1 -6 3 -3 3 -5 4 -2 4
I? 1 -2 4 -2 0 0 3 0 -2 1 1 1 4 1 -3 3 -5 4 -2 4 -6 6
I? 1 -2 4 -2 7 -2 0 0 3 0 6 0 -2 1 1 1 4 1 -3 3 -2 4
I? 1 -2 4 -2 0 0 3 0 -2 1 1 1 4 1 -3 3 3 3 -2 4 -3 6
I? 1 -2 4 -2 0 0 3 0 -2 1 1 1 4 1 -3 3 -2 4 -3 6 -2 7
I? 1 -2 4 -2 0 0 3 0 -2 1 1 1 4 1 -3 3 -2 4 -3 6 -5 7
I? 1 -2 4 -2 7 -2 0 0 3 0 6 0 -2 1 1 1 4 1 -3 3 -5 4
I? 1 -2 4 -2 0 0 3 0 -2 1 1 1 4 1 -6 3 -3 3 3 3 -5 4
I? 1 -2 4 -2 0 0 3 0 -2 1 1 1 4 1 -3 3 3 3 -5 4 -6 6
I? 1 -2 4 -2 0 0 3 0 -2 1 1 1 4 1 -3 3 3 3 -5 4 4 4
I? 1 -2 4 -2 0 0 3 0 -2 1 1 1 4 1 -3 3 3 3 -5 4 1 4
I? 1 -2 4 -2 0 0 3 0 -2 1 1 1 4 1 -6 3 -3 3 -5 4 -6 6
I? 1 -2 4 -2 0 0 3 0 -2 1 1 1 4 1 -6 3 -3 3 -8 4 -5 4
I? 1 -2 4 -2 0 0 3 0 -5 1 -2 1 1 1 4 1 -6 3 -3 3 -5 4
I? 1 -2 4 -2 0 0 3 0 -2 1 1 1 4 1 -3 3 -5 4 -6 6 -5 7
I? 1 -2 4 -2 0 0 3 0 -2 1 1 1 4 1 -3 3 -5 4 -6 6 -8 7
I? 1 -2 4 -2 7 -2 0 0 3 0 6 0 -2 1 1 1 4 1 -3 3 3 3
I? 1 -2 4 -2 7 -2 0 0 3 0 6 0 -2 1 1 1 4 1 7 1 -3 3
I? 1 -2 7 -2 0 0 3 0 6 0 -2 1 1 1 4 1 -3 3 -5 4 -2 4
I? 1 -2 7 -2 0 0 3 0 6 0 -2 1 1 1 4 1 -3 3 3 3 -2 4
I? 1 -2 7 -2 0 0 3 0 6 0 -2 1 1 1 4 1 -3 3 -2 4 -3 6
I? 1 -2 7 -2 0 0 3 0 6 0 -2 1 1 1 4 1 7 1 -3 3 -2 4
I? 1 -2 7 -2 0 0 3 0 6 0 -2 1 1 1 4 1 -3 3 3 3 -5 4
I? 1 -2 7 -2 0 0 3 0 6 0 -2 1 1 1 4 1 -6 3 -3 3 -5 4
I? 1 -2 7 -2 0 0 3 0 6 0 -2 1 1 1 4 1 -3 3 -5 4 -6 6
I? 1 -2 7 -2 0 0 3 0 6 0 -2 1 1 1 4 1 7 1 -3 3 -5 4
I? 1 -2 -6 0 0 0 3 0 -5 1 -2 1 1 1 4 1 -6 3 -3 3 -5 4
I? 1 -2 7 -2 0 0 3 0 6 0 -2 1 1 1 4 1 -3 3 3 3 4 4
I? 1 -2 7 -2 0 0 3 0 6 0 -2 1 1 1 4 1 -3 3 3 3 1 4
I? 1 -2 7 -2 0 0 3 0 6 0 -2 1 1 1 4 1 7 1 -3 3 6 3
I? 1 -2 10 -2 0 0 3 0 6 0 9 0 -2 1 1 1 4 1 7 1 -3 3
I? 1 -2 4 -2 0 0 3 0 -2 1 1 1 -6 3 -3 3 -5 4 -2 4 -3 6
I? 1 -2 4 -2 0 0 3 0 -2 1 1 1 -3 3 -5 4 -2 4 -6 6 -3 6
I? 1 -2 4 -2 0 0 3 0 -2 1 1 1 -3 3 -5 4 -2 4 -3 6 -2 7
I? 1 -2 4 -2 0 0 3 0 -2 1 1 1 -3 3 -5 4 -2 4 -3 6 -5 7
I? 1 -2 4 -2 0 0 3 0 -2 1 1 1 -6 3 -3 3 -5 4 -2 4 -6 6
I? 1 -2 4 -2 0 0 3 0 -2 1 1 1 -6 3 -3 3 -8 4 -5 4 -2 4
I? 1 -2 4 -2 0 0 3 0 -5 1 -2 1 1 1 -6 3 -3 3 -5 4 -2 4
I? 1 -2 4 -2 0 0 3 0 -2 1 1 1 -3 3 -5 4 -2 4 -6 6 -5 7
I? 1 -2 4 -2 0 0 3 0 -2 1 1 1 -3 3 -5 4 -2 4 -6 6 -8 7
I? 1 -2 4 -2 0 0 3 0 -2 1 1 1 -3 3 -2 4 -3 6 -5 7 -2 7
I? 1 -2 4 -2 0 0 3 0 -2 1 1 1 -3 3 -2 4 -3 6 0 6 -2 7
I? 1 -2 4 -2 0 0 3 0 -2 1 1 1 -3 3 -2 4 -3 6 -2 7 -3 9
I? 1 -2 4 -2 0 0 3 0 -2 1 1 1 -3 3 -2 4 -6 6 -3 6 -5 7
I? 1 -2 4 -2 0 0 3 0 -2 1 1 1 -3 3 -2 4 -3 6 -5 7 -6 9
I? 1 -2 4 -2 0 0 3 0 -2 1 1 1 -6 3 -3 3 -8 4 -5 4 -6 6
I? 1 -2 4 -2 0 0 3 0 -5 1 -2 1 1 1 -6 3 -3 3 -5 4 -6 6
I? 1 -2 4 -2 0 0 3 0 -2 1 1 1 -6 3 -3 3 -5 4 -6 6 -5 7
I? 1 -2 4 -2 0 0 3 0 -2 1 1 1 -6 3 -3 3 -5 4 -6 6 -8 7
I? 1 -2 4 -2 0 0 3 0 -5 1 -2 1 1 1 -6 3 -3 3 -8 4 -5 4
I? 1 -2 4 -2 0 0 3 0 -2 1 1 1 -9 3 -6 3 -3 3 -8 4 -5 4
I? 1 -2 4 -2 0 0 3 0 -2 1 1 1 -6 3 -3 3 -8 4 -5 4 -9 6
I? 1 -2 4 -2 -6 0 0 0 3 0 -5 1 -2 1 1 1 -6 3 -3 3 -5 4
I? 1 -2 4 -2 0 0 3 0 -2 1 1 1 -3 3 -5 4 -6 6 -8 7 -5 7
I? 1 -2 4 -2 0 0 3 0 -2 1 1 1 -3 3 -5 4 -6 6 -3 6 -5 7
I? 1 -2 4 -2 0 0 3 0 -2 1 1 1 -3 3 -5 4 -6 6 -5 7 -6 9
I? 1 -2 4 -2 0 0 3 0 -2 1 1 1 -3 3 -5 4 -9 6 -6 6 -8 7
I? 1 -2 4 -2 0 0 3 0 -2 1 1 1 -3 3 -5 4 -6 6 -8 7 -9 9
I? 1 -2 -6 0 0 0 3 0 -5 1 -2 1 1 1 -6 3 -3 3 -5 4 -2 4
I? 1 -2 -6 0 0 0 3 0 -5 1 -2 1 1 1 -6 3 -3 3 -5 4 -6 6
I? 1 -2 -6 0 0 0 3 0 -5 1 -2 1 1 1 -6 3 -3 3 -8 4 -5 4
I? 1 -2 -6 0 0 0 3 0 -8 1 -5 1 -2 1 1 1 -6 3 -3 3 -5 4
I? 1 -2 4 -2 7 -2 0 0 3 0 6 0 -2 1 1 1 4 1 3 3 4 4
I? 1 -2 4 -2 7 -2 0 0 3 0 6 0 -2 1 1 1 4 1 3 3 1 4
I? 1 -2 4 -2 10 -2 0 0 3 0 6 0 9 0 -2 1 1 1 4 1 7 1
I? 1 -2 10 -2 0 0 3 0 6 0 9 0 -2 1 1 1 4 1 7 1 3 3
I? 1 -2 7 -2 0 0 3 0 6 0 -2 1 1 1 4 1 3 3 1 4 4 4
I? 1 -2 7 -2 0 0 3 0 6 0 -2 1 1 1 4 1 3 3 6 3 4 4
I? 1 -2 7 -2 0 0 3 0 6 0 -2 1 1 1 4 1 3 3 4 4 3 6
I? 1 -2 7 -2 0 0 3 0 6 0 -2 1 1 1 4 1 3 3 1 4 0 6
I? 1 -2 10 -2 0 0 3 0 6 0 9 0 -2 1 1 1 4 1 7 1 6 3
I? 1 -2 10 -2 0 0 3 0 6 0 9 0 -2 1 1 1 4 1 7 1 10 1
I? 1 -2 -3 0 0 0 -5 1 -2 1 1 1 -3 3 0 3 -2 4 1 4 0 6
I? 1 -2 -6 0 -3 0 0 0 -5 1 -2 1 1 1 -3 3 0 3 -2 4 1 4
I? 1 -2 -3 0 0 0 -5 1 -2 1 1 1 -6 3 -3 3 0 3 -2 4 1 4
I? 1 -2 -3 0 0 0 -2 1 1 1 -3 3 0 3 3 3 -2 4 1 4 4 4
I? 1 -2 -3 0 0 0 -2 1 1 1 4 1 -3 3 0 3 3 3 -2 4 1 4
I? 1 -2 -3 0 0 0 -2 1 1 1 -3 3 0 3 -2 4 1 4 0 6 1 7
I? 1 -2 -3 0 0 0 -2 1 1 1 -3 3 0 3 -2 4 1 4 0 6 -2 7
I? 1 -2 -6 0 -3 0 0 0 -5 1 -2 1 1 1 -3 3 0 3 -5 4 1 4
I? 1 -2 -3 0 0 0 -5 1 -2 1 1 1 -6 3 -3 3 0 3 -5 4 1 4
I? 1 -2 -6 0 -3 0 0 0 -5 1 -2 1 1 1 -3 3 0 3 3 3 1 4
I? 1 -2 -3 0 0 0 -5 1 -2 1 1 1 -3 3 0 3 3 3 1 4 4 4
I? 1 -2 -3 0 0 0 -5 1 -2 1 1 1 4 1 -3 3 0 3 3 3 1 4
I? 1 -2 -6 0 -3 0 0 0 -5 1 -2 1 1 1 -3 3 0 3 1 4 0 6
I? 1 -2 -3 0 0 0 -5 1 -2 1 1 1 -6 3 -3 3 0 3 1 4 0 6
I? 1 -2 -3 0 0 0 -5 1 -2 1 1 1 -3 3 0 3 1 4 0 6 1 7
I? 1 -2 -6 0 -3 0 0 0 -5 1 -2 1 1 1 -6 3 -3 3 0 3 1 4
I? 1 -2 -6 0 -3 0 0 0 -8 1 -5 1 -2 1 1 1 -3 3 0 3 1 4
I? 1 -2 -3 0 0 0 -5 1 -2 1 1 1 -6 3 -3 3 0 3 -8 4 1 4
I? 1 -2 -3 0 0 0 -2 1 1 1 -6 3 -3 3 0 3 -8 4 -5 4 1 4
I? 1 -2 -3 0 0 0 -2 1 1 1 4 1 -3 3 0 3 3 3 1 4 0 6
I? 1 -2 -3 0 0 0 -2 1 1 1 4 1 -3 3 0 3 3 3 1 4 4 4
I? 1 -2 -3 0 0 0 -2 1 1 1 -3 3 0 3 3 3 6 3 1 4 4 4
I? 1 -2 -3 0 0 0 -2 1 1 1 -3 3 0 3 1 4 0 6 -2 7 1 7
I? 1 -2 -3 0 0 0 -2 1 1 1 -3 3 0 3 1 4 0 6 1 7 0 9
I? 1 -2 -3 0 0 0 -2 1 1 1 -3 3 0 3 1 4 0 6 -2 7 -3 9
I? 1 -2 -6 0 -3 0 0 0 -5 1 -2 1 1 1 -3 3 0 3 -5 4 -2 4
I? 1 -2 -3 0 0 0 -5 1 -2 1 1 1 -6 3 -3 3 0 3 -5 4 -2 4
I? 1 -2 -3 0 0 0 -5 1 -2 1 1 1 -3 3 0 3 -5 4 -2 4 -6 6
I? 1 -2 -6 0 -3 0 0 0 -5 1 -2 1 1 1 -3 3 0 3 -2 4 -3 6
I? 1 -2 -3 0 0 0 -5 1 -2 1 1 1 -6 3 -3 3 0 3 -2 4 -3 6
I? 1 -2 -6 0 -3 0 0 0 -5 1 -2 1 1 1 -6 3 -3 3 0 3 -2 4
I? 1 -2 -6 0 -3 0 0 0 -8 1 -5 1 -2 1 1 1 -3 3 0 3 -2 4
I? 1 -2 -3 0 0 0 -5 1 -2 1 1 1 -6 3 -3 3 0 3 -8 4 -2 4
I? 1 -2 -3 0 0 0 -2 1 1 1 -6 3 -3 3 0 3 -8 4 -5 4 -2 4
I? 1 -2 -6 0 -3 0 0 0 -5 1 -2 1 1 1 -6 3 -3 3 0 3 -5 4
I? 1 -2 -6 0 -3 0 0 0 -5 1 -2 1 1 1 -3 3 0 3 -5 4 -6 6
I? 1 -2 -6 0 -3 0 0 0 -8 1 -5 1 -2 1 1 1 -3 3 0 3 -5 4
I? 1 -2 -3 0 0 0 -5 1 -2 1 1 1 -6 3 -3 3 0 3 -5 4 -6 6
I? 1 -2 -3 0 0 0 -5 1 -2 1 1 1 -6 3 -3 3 0 3 -8 4 -5 4
I? 1 -2 -3 0 0 0 -5 1 -2 1 1 1 -3 3 0 3 -5 4 -6 6 -5 7
I? 1 -2 -3 0 0 0 -5 1 -2 1 1 1 -3 3 0 3 -5 4 -6 6 -8 7
I? 1 -2 -6 0 -3 0 0 0 -5 1 -2 1 1 1 -6 3 -3 3 0 3 -8 4
I? 1 -2 -3 0 0 0 -5 1 -2 1 1 1 -9 3 -6 3 -3 3 0 3 -8 4
I? 1 -2 -3 0 0 0 -5 1 -2 1 1 1 -6 3 -3 3 0 3 -8 4 -9 6
I? 1 -2 -3 0 0 0 -2 1 1 1 -9 3 -6 3 -3 3 0 3 -8 4 -5 4
I? 1 -2 -6 0 -3 0 0 0 -5 1 -2 1 1 1 0 3 3 3 -2 4 1 4
I? 1 -2 -3 0 0 0 -5 1 -2 1 1 1 0 3 3 3 -2 4 1 4 4 4
I? 1 -2 -3 0 0 0 -5 1 -2 1 1 1 4 1 0 3 3 3 -2 4 1 4
I? 1 -2 -6 0 -3 0 0 0 -5 1 -2 1 1 1 0 3 -2 4 1 4 0 6
I? 1 -2 -3 0 0 0 -5 1 -2 1 1 1 0 3 -2 4 1 4 0 6 1 7
I? 1 -2 -3 0 0 0 -5 1 -2 1 1 1 0 3 -2 4 1 4 0 6 -2 7
I? 1 -2 -6 0 -3 0 0 0 -5 1 -2 1 1 1 0 3 -2 4 1 4 -3 6
I? 1 -2 -3 0 0 0 -5 1 -2 1 1 1 -6 3 0 3 -2 4 1 4 -3 6
I? 1 -2 -6 0 -3 0 0 0 -5 1 -2 1 1 1 -6 3 0 3 -2 4 1 4
I? 1 -2 -6 0 -3 0 0 0 -8 1 -5 1 -2 1 1 1 0 3 -2 4 1 4
I? 1 -2 -3 0 0 0 -5 1 -2 1 1 1 -6 3 0 3 -8 4 -2 4 1 4
I? 1 -2 -3 0 0 0 -2 1 1 1 4 1 0 3 3 3 -2 4 1 4 0 6
I? 1 -2 -3 0 0 0 -2 1 1 1 4 1 0 3 3 3 -2 4 1 4 4 4
I? 1 -2 -3 0 0 0 -2 1 1 1 0 3 3 3 6 3 -2 4 1 4 4 4
I? 1 -2 -3 0 0 0 -2 1 1 1 0 3 -2 4 1 4 -3 6 0 6 1 7
I? 1 -2 -3 0 0 0 -2 1 1 1 0 3 -2 4 1 4 -3 6 0 6 -2 7
I? 1 -2 -3 0 0 0 -2 1 1 1 0 3 -2 4 1 4 0 6 -2 7 1 7
I? 1 -2 -3 0 0 0 -2 1 1 1 0 3 -2 4 1 4 0 6 1 7 0 9
I? 1 -2 -3 0 0 0 -2 1 1 1 0 3 -2 4 1 4 0 6 -2 7 -3 9
I? 1 -2 -3 0 0 0 -2 1 1 1 0 3 -2 4 1 4 -3 6 -2 7 -3 9
I? 1 -2 -3 0 0 0 -5 1 -2 1 1 1 0 3 3 3 1 4 4 4 0 6
I? 1 -2 -3 0 0 0 -5 1 -2 1 1 1 4 1 0 3 3 3 1 4 0 6
I? 1 -2 -6 0 -3 0 0 0 -5 1 -2 1 1 1 -6 3 0 3 3 3 1 4
I? 1 -2 -6 0 -3 0 0 0 -5 1 -2 1 1 1 0 3 3 3 1 4 4 4
I? 1 -2 -6 0 -3 0 0 0 -5 1 -2 1 1 1 4 1 0 3 3 3 1 4
I? 1 -2 -6 0 -3 0 0 0 -8 1 -5 1 -2 1 1 1 0 3 3 3 1 4
I? 1 -2 -3 0 0 0 -5 1 -2 1 1 1 -6 3 0 3 3 3 1 4 4 4
I? 1 -2 -3 0 0 0 -5 1 -2 1 1 1 4 1 -6 3 0 3 3 3 1 4
I? 1 -2 -3 0 0 0 -5 1 -2 1 1 1 4 1 0 3 3 3 1 4 4 4
I? 1 -2 -3 0 0 0 -5 1 -2 1 1 1 0 3 3 3 6 3 1 4 4 4
I? 1 -2 -3 0 0 0 -5 1 -2 1 1 1 0 3 3 3 1 4 4 4 3 6
I? 1 -2 -6 0 -3 0 0 0 -5 1 -2 1 1 1 -6 3 0 3 1 4 0 6
I? 1 -2 -6 0 -3 0 0 0 -5 1 -2 1 1 1 0 3 1 4 0 6 1 7
I? 1 -2 -6 0 -3 0 0 0 -5 1 -2 1 1 1 0 3 1 4 0 6 -2 7
I? 1 -2 -6 0 -3 0 0 0 -8 1 -5 1 -2 1 1 1 0 3 1 4 0 6
I? 1 -2 -3 0 0 0 -5 1 -2 1 1 1 -6 3 0 3 1 4 0 6 1 7
I? 1 -2 -3 0 0 0 -5 1 -2 1 1 1 -6 3 0 3 1 4 0 6 -2 7
I? 1 -2 -3 0 0 0 -5 1 -2 1 1 1 0 3 1 4 0 6 -2 7 1 7
I? 1 -2 -3 0 0 0 -5 1 -2 1 1 1 0 3 1 4 0 6 1 7 0 9
I? 1 -2 -6 0 -3 0 0 0 -8 1 -5 1 -2 1 1 1 -6 3 0 3 1 4
I? 1 -2 -6 0 -3 0 0 0 -5 1 -2 1 1 1 -6 3 0 3 -5 4 1 4
I? 1 -2 -6 0 -3 0 0 0 -5 1 -2 1 1 1 -6 3 0 3 -8 4 1 4
I? 1 -2 -9 0 -6 0 -3 0 0 0 -8 1 -5 1 -2 1 1 1 0 3 1 4
I? 1 -2 -6 0 -3 0 0 0 -8 1 -5 1 -2 1 1 1 -9 3 0 3 1 4
I? 1 -2 -3 0 0 0 -5 1 -2 1 1 1 -6 3 0 3 -8 4 -5 4 1 4
I? 1 -2 -3 0 0 0 -5 1 -2 1 1 1 -9 3 -6 3 0 3 -8 4 1 4
I? 1 -2 -3 0 0 0 -2 1 1 1 4 1 0 3 3 3 1 4 4 4 0 6
I? 1 -2 -3 0 0 0 -2 1 1 1 4 1 0 3 3 3 1 4 0 6 -2 7
I? 1 -2 -3 0 0 0 -2 1 1 1 4 1 0 3 3 3 6 3 1 4 4 4
I? 1 -2 -3 0 0 0 -2 1 1 1 0 3 3 3 6 3 1 4 4 4 7 4
I? 1 -2 -3 0 0 0 -2 1 1 1 7 1 0 3 3 3 6 3 1 4 4 4
I? 1 -2 -3 0 0 0 -2 1 1 1 0 3 3 3 1 4 4 4 3 6 4 7
I? 1 -2 -3 0 0 0 -2 1 1 1 0 3 3 3 1 4 4 4 3 6 1 7
I? 1 -2 7 -2 -3 0 0 0 6 0 -2 1 1 1 4 1 0 3 3 3 1 4
I? 1 -2 -3 0 0 0 -2 1 1 1 0 3 1 4 0 6 -2 7 1 7 0 9
I? 1 -2 -3 0 0 0 -2 1 1 1 0 3 1 4 -3 6 0 6 -2 7 1 7
I? 1 -2 -3 0 0 0 -2 1 1 1 0 3 1 4 0 6 -2 7 1 7 -3 9
I? 1 -2 -3 0 0 0 -2 1 1 1 0 3 1 4 0 6 3 6 1 7 4 7
I? 1 -2 -3 0 0 0 -2 1 1 1 0 3 1 4 4 4 0 6 3 6 1 7
I? 1 -2 -3 0 0 0 -2 1 1 1 0 3 1 4 0 6 1 7 0 9 1 10
I? 1 -2 -3 0 0 0 -2 1 1 1 0 3 1 4 0 6 1 7 0 9 -2 10
I? 1 -2 -3 0 0 0 -2 1 1 1 0 3 1 4 -3 6 0 6 -2 7 -3 9
I? 1 -2 -6 0 -3 0 0 0 -5 1 -2 1 1 1 -6 3 0 3 -2 4 -3 6
I? 1 -2 -6 0 -3 0 0 0 -5 1 -2 1 1 1 0 3 -2 4 -3 6 -2 7
I? 1 -2 -6 0 -3 0 0 0 -5 1 -2 1 1 1 0 3 -2 4 -3 6 -5 7
I? 1 -2 -6 0 -3 0 0 0 -8 1 -5 1 -2 1 1 1 0 3 -2 4 -3 6
I? 1 -2 -3 0 0 0 -5 1 -2 1 1 1 -6 3 0 3 -2 4 -3 6 -2 7
I? 1 -2 -3 0 0 0 -5 1 -2 1 1 1 -6 3 0 3 -2 4 -3 6 -5 7
I? 1 -2 -3 0 0 0 -5 1 -2 1 1 1 0 3 -2 4 -6 6 -3 6 -5 7
I? 1 -2 -3 0 0 0 -5 1 -2 1 1 1 0 3 -2 4 -3 6 -5 7 -6 9
I? 1 -2 -6 0 -3 0 0 0 -8 1 -5 1 -2 1 1 1 -6 3 0 3 -2 4
I? 1 -2 -6 0 -3 0 0 0 -5 1 -2 1 1 1 -6 3 0 3 -8 4 -2 4
I? 1 -2 -9 0 -6 0 -3 0 0 0 -8 1 -5 1 -2 1 1 1 0 3 -2 4
I? 1 -2 -6 0 -3 0 0 0 -8 1 -5 1 -2 1 1 1 -9 3 0 3 -2 4
I? 1 -2 -3 0 0 0 -5 1 -2 1 1 1 -9 3 -6 3 0 3 -8 4 -2 4
I? 1 -2 -3 0 0 0 -2 1 1 1 0 3 -2 4 -3 6 0 6 -2 7 -3 9
I? 1 -2 -3 0 0 0 -2 1 1 1 0 3 -2 4 -3 6 0 6 -2 7 1 7
I? 1 -2 -3 0 0 0 -2 1 1 1 0 3 -2 4 -3 6 -2 7 -3 9 -2 10
I? 1 -2 -3 0 0 0 -2 1 1 1 0 3 -2 4 -6 6 -3 6 -5 7 -6 9
I? 1 -2 -3 0 0 0 -2 1 1 1 0 3 -2 4 -3 6 -5 7 -6 9 -8 10
I? 1 -2 -6 0 -3 0 0 0 -8 1 -5 1 -2 1 1 1 -6 3 0 3 -5 4
I? 1 -2 -6 0 -3 0 0 0 -5 1 -2 1 1 1 -6 3 0 3 -8 4 -5 4
I? 1 -2 -6 0 -3 0 0 0 -5 1 -2 1 1 1 -6 3 0 3 -5 4 -6 6
I? 1 -2 -6 0 -3 0 0 0 -5 1 -2 1 1 1 -6 3 0 3 -8 4 -9 6
I? 1 -2 -6 0 -3 0 0 0 -8 1 -5 1 -2 1 1 1 -9 3 0 3 -8 4
I? 1 -2 -6 0 -3 0 0 0 -8 1 -5 1 -2 1 1 1 -9 3 0 3 -11 4
I? 1 -2 -3 0 0 0 -5 1 -2 1 1 1 -6 3 0 3 -8 4 -5 4 -6 6
I? 1 -2 -3 0 0 0 -5 1 -2 1 1 1 -9 3 -6 3 0 3 -8 4 -5 4
I? 1 -2 -3 0 0 0 -5 1 -2 1 1 1 -6 3 0 3 -5 4 -6 6 -5 7
I? 1 -2 -3 0 0 0 -5 1 -2 1 1 1 -6 3 0 3 -5 4 -6 6 -8 7
I? 1 -2 -3 0 0 0 -5 1 -2 1 1 1 -9 3 -6 3 0 3 -8 4 -9 6
I? 1 -2 -3 0 0 0 -5 1 -2 1 1 1 -9 3 -6 3 0 3 -11 4 -8 4
I? 1 -2 -3 0 0 0 -8 1 -5 1 -2 1 1 1 -9 3 -6 3 0 3 -8 4
I? 1 -2 -3 0 0 0 -5 1 -2 1 1 1 -6 3 0 3 -8 4 -9 6 -8 7
I? 1 -2 -3 0 0 0 -5 1 -2 1 1 1 -6 3 0 3 -8 4 -9 6 -11 7
I? 1 -2 0 0 -2 1 1 1 -6 3 -3 3 0 3 -8 4 -5 4 -2 4 1 4
I? 1 -2 0 0 -5 1 -2 1 1 1 -6 3 -3 3 0 3 -5 4 -2 4 1 4
I? 1 -2 0 0 -2 1 1 1 -3 3 0 3 -5 4 1 4 -6 6 0 6 -5 7
I? 1 -2 0 0 -2 1 1 1 -3 3 0 3 -5 4 1 4 -6 6 0 6 -8 7
I? 1 -2 0 0 -5 1 -2 1 1 1 -6 3 -3 3 0 3 -8 4 -5 4 1 4
I? 1 -2 0 0 -2 1 1 1 -9 3 -6 3 -3 3 0 3 -8 4 -5 4 1 4
I? 1 -2 -6 0 0 0 -5 1 -2 1 1 1 -6 3 -3 3 0 3 -5 4 1 4
I? 1 -2 0 0 -2 1 1 1 -3 3 0 3 -5 4 1 4 -6 6 -8 7 -9 9
I? 1 -2 7 -2 0 0 6 0 -2 1 1 1 4 1 -3 3 0 3 3 3 1 4
I? 1 -2 0 0 -2 1 1 1 -3 3 0 3 -5 4 -2 4 -6 6 -3 6 -5 7
I? 1 -2 0 0 -2 1 1 1 -3 3 0 3 -5 4 -2 4 -6 6 -3 6 -8 7
I? 1 -2 0 0 -2 1 1 1 -3 3 0 3 -5 4 -2 4 -3 6 -5 7 -6 9
I? 1 -2 0 0 -5 1 -2 1 1 1 -6 3 -3 3 0 3 -8 4 -5 4 -2 4
I? 1 -2 0 0 -2 1 1 1 -9 3 -6 3 -3 3 0 3 -8 4 -5 4 -2 4
I? 1 -2 -6 0 0 0 -5 1 -2 1 1 1 -6 3 -3 3 0 3 -5 4 -2 4
I? 1 -2 0 0 -2 1 1 1 -3 3 0 3 -5 4 -2 4 -6 6 -8 7 -5 7
I? 1 -2 0 0 -2 1 1 1 -3 3 0 3 -5 4 -2 4 -6 6 -5 7 -6 9
I? 1 -2 0 0 -2 1 1 1 -3 3 0 3 -5 4 -2 4 -6 6 -8 7 -9 9
I? 1 -2 0 0 -2 1 1 1 -3 3 0 3 -2 4 -6 6 -3 6 -5 7 -6 9
I? 1 -2 0 0 -2 1 1 1 -3 3 0 3 -2 4 -6 6 -3 6 -8 7 -5 7
I? 1 -2 0 0 -2 1 1 1 -3 3 0 3 -2 4 -3 6 -5 7 -6 9 -8 10
I? 1 -2 0 0 -5 1 -2 1 1 1 -6 3 -3 3 0 3 -5 4 -6 6 -5 7
I? 1 -2 -6 0 0 0 -5 1 -2 1 1 1 -6 3 -3 3 0 3 -5 4 -6 6
I? 1 -2 -6 0 0 0 -5 1 -2 1 1 1 -6 3 -3 3 0 3 -8 4 -5 4
I? 1 -2 0 0 -2 1 1 1 -9 3 -6 3 -3 3 0 3 -11 4 -8 4 -5 4
I? 1 -2 0 0 -8 1 -2 1 1 1 -9 3 -6 3 -3 3 0 3 -8 4 -5 4
I? 1 -2 0 0 -2 1 1 1 -6 3 -3 3 0 3 -8 4 -5 4 -9 6 -8 7
I? 1 -2 0 0 -2 1 1 1 -6 3 -3 3 0 3 -8 4 -5 4 -9 6 -11 7
I? 1 -2 -6 0 0 0 -8 1 -5 1 -2 1 1 1 -6 3 -3 3 0 3 -5 4
I? 1 -2 0 0 -2 1 1 1 -3 3 0 3 -5 4 -9 6 -6 6 -11 7 -8 7
I? 1 -2 0 0 -2 1 1 1 -3 3 0 3 -8 4 -5 4 -9 6 -6 6 -8 7
I? 1 -2 0 0 -2 1 1 1 -3 3 0 3 -5 4 -6 6 -8 7 -9 9 -8 10
I? 1 -2 0 0 -2 1 1 1 -3 3 0 3 -5 4 -6 6 -8 7 -9 9 -11 10
I? 1 -2 7 -2 0 0 6 0 -2 1 1 1 4 1 0 3 3 3 1 4 0 6
I? 1 -2 7 -2 0 0 6 0 -2 1 1 1 4 1 0 3 3 3 1 4 4 4
I? 1 -2 7 -2 0 0 6 0 -2 1 1 1 4 1 7 1 0 3 3 3 1 4
I? 1 -2 -6 0 -3 0 0 0 -5 1 -2 1 1 1 -3 3 -5 4 -2 4 -3 6
I? 1 -2 -3 0 0 0 -5 1 -2 1 1 1 -6 3 -3 3 -5 4 -2 4 -3 6
I? 1 -2 -6 0 -3 0 0 0 -5 1 -2 1 1 1 -6 3 -3 3 -2 4 -3 6
I? 1 -2 -6 0 -3 0 0 0 -8 1 -5 1 -2 1 1 1 -3 3 -2 4 -3 6
I? 1 -2 -6 0 -3 0 0 0 -5 1 -2 1 1 1 -3 3 -2 4 -3 6 -2 7
I? 1 -2 -6 0 -3 0 0 0 -5 1 -2 1 1 1 -3 3 -2 4 -3 6 -5 7
I? 1 -2 -3 0 0 0 -5 1 -2 1 1 1 -6 3 -3 3 -2 4 -3 6 -2 7
I? 1 -2 -3 0 0 0 -5 1 -2 1 1 1 -6 3 -3 3 -2 4 -3 6 -5 7
I? 1 -2 -3 0 0 0 -5 1 -2 1 1 1 -3 3 -2 4 -6 6 -3 6 -5 7
I? 1 -2 -3 0 0 0 -5 1 -2 1 1 1 -3 3 -2 4 -3 6 -5 7 -6 9
I? 1 -2 -6 0 -3 0 0 0 -5 1 -2 1 1 1 -6 3 -3 3 -5 4 -6 6
I? 1 -2 -6 0 -3 0 0 0 -8 1 -5 1 -2 1 1 1 -6 3 -3 3 -5 4
I? 1 -2 -6 0 -3 0 0 0 -5 1 -2 1 1 1 -6 3 -3 3 -8 4 -5 4
I? 1 -2 -6 0 -3 0 0 0 -8 1 -5 1 -2 1 1 1 -3 3 -5 4 -6 6
I? 1 -2 -9 0 -6 0 -3 0 0 0 -8 1 -5 1 -2 1 1 1 -3 3 -5 4
I? 1 -2 -6 0 -3 0 0 0 -8 1 -5 1 -2 1 1 1 -9 3 -3 3 -5 4
I? 1 -2 -3 0 0 0 -5 1 -2 1 1 1 -9 3 -6 3 -3 3 -8 4 -5 4
I? 1 -2 -3 0 0 0 -5 1 -2 1 1 1 -3 3 -5 4 -6 6 -3 6 -5 7
I? 1 -2 -3 0 0 0 -5 1 -2 1 1 1 -3 3 -5 4 -6 6 -5 7 -6 9
I? 1 -2 -6 0 -3 0 0 0 -5 1 -2 1 1 1 -6 3 -3 3 -8 4 -9 6
I? 1 -2 -6 0 -3 0 0 0 -8 1 -5 1 -2 1 1 1 -9 3 -3 3 -8 4
I? 1 -2 -6 0 -3 0 0 0 -8 1 -5 1 -2 1 1 1 -9 3 -3 3 -11 4
I? 1 -2 -3 0 0 0 -5 1 -2 1 1 1 -9 3 -6 3 -3 3 -8 4 -9 6
I? 1 -2 -3 0 0 0 -5 1 -2 1 1 1 -9 3 -6 3 -3 3 -11 4 -8 4
I? 1 -2 -3 0 0 0 -8 1 -5 1 -2 1 1 1 -9 3 -6 3 -3 3 -8 4
I? 1 -2 -3 0 0 0 -5 1 -2 1 1 1 -6 3 -3 3 -8 4 -9 6 -11 7
I? 1 -2 -3 0 0 0 -8 1 -2 1 1 1 -9 3 -6 3 -3 3 -8 4 -5 4
I? 1 -2 -9 0 -6 0 -3 0 0 0 -8 1 -5 1 -2 1 1 1 -6 3 -5 4
I? 1 -2 -6 0 -3 0 0 0 -8 1 -5 1 -2 1 1 1 -9 3 -6 3 -5 4
I? 1 -2 -6 0 -3 0 0 0 -8 1 -5 1 -2 1 1 1 -6 3 -5 4 -6 6
I? 1 -2 -9 0 -6 0 -3 0 0 0 -8 1 -5 1 -2 1 1 1 -6 3 -8 4
I? 1 -2 -6 0 -3 0 0 0 -8 1 -5 1 -2 1 1 1 -9 3 -6 3 -8 4
I? 1 -2 -6 0 -3 0 0 0 -8 1 -5 1 -2 1 1 1 -6 3 -8 4 -9 6
I? 1 -2 -9 0 -6 0 -3 0 0 0 -11 1 -8 1 -5 1 -2 1 1 1 -6 3
I? 1 -2 -6 0 -3 0 0 0 -8 1 -5 1 -2 1 1 1 -9 3 -6 3 -11 4
I? 1 -2 -6 0 -3 0 0 0 -5 1 -2 1 1 1 -6 3 -8 4 -5 4 -6 6
I? 1 -2 -6 0 -3 0 0 0 -5 1 -2 1 1 1 -6 3 -8 4 -5 4 -9 6
I? 1 -2 -6 0 -3 0 0 0 -5 1 -2 1 1 1 -6 3 -5 4 -6 6 -8 7
I? 1 -2 -6 0 -3 0 0 0 -5 1 -2 1 1 1 -9 3 -6 3 -11 4 -8 4
I? 1 -2 -6 0 -3 0 0 0 -5 1 -2 1 1 1 -6 3 -8 4 -9 6 -8 7
I? 1 -2 -6 0 -3 0 0 0 -5 1 -2 1 1 1 -6 3 -8 4 -9 6 -11 7
I? 1 -2 -9 0 -6 0 -3 0 0 0 -8 1 -5 1 -2 1 1 1 -9 3 -8 4
I? 1 -2 -9 0 -6 0 -3 0 0 0 -8 1 -5 1 -2 1 1 1 -9 3 -11 4
I? 1 -2 -12 0 -9 0 -6 0 -3 0 0 0 -11 1 -8 1 -5 1 -2 1 1 1
I? 1 -2 -6 0 -3 0 0 0 -8 1 -5 1 -2 1 1 1 -9 3 -11 4 -8 4
I? 1 -2 -6 0 -3 0 0 0 -8 1 -5 1 -2 1 1 1 -9 3 -8 4 -9 6
I? 1 -2 -6 0 -3 0 0 0 -8 1 -5 1 -2 1 1 1 -12 3 -9 3 -11 4
I? 1 -2 -6 0 -3 0 0 0 -8 1 -5 1 -2 1 1 1 -9 3 -11 4 -12 6
I? 1 -2 -3 0 0 0 -5 1 -2 1 1 1 -9 3 -6 3 -11 4 -8 4 -5 4
I? 1 -2 -3 0 0 0 -8 1 -5 1 -2 1 1 1 -9 3 -6 3 -8 4 -5 4
I? 1 -2 -3 0 0 0 -5 1 -2 1 1 1 -6 3 -8 4 -5 4 -9 6 -8 7
I? 1 -2 -3 0 0 0 -5 1 -2 1 1 1 -6 3 -8 4 -5 4 -9 6 -11 7
I? 1 -2 -3 0 0 0 -5 1 -2 1 1 1 -6 3 -5 4 -6 6 -3 6 -5 7
I? 1 -2 -3 0 0 0 -5 1 -2 1 1 1 -6 3 -5 4 -6 6 -5 7 -6 9
I? 1 -2 -3 0 0 0 -5 1 -2 1 1 1 -9 3 -6 3 -11 4 -8 4 -9 6
I? 1 -2 -3 0 0 0 -8 1 -5 1 -2 1 1 1 -9 3 -6 3 -8 4 -9 6
I? 1 -2 -3 0 0 0 -8 1 -5 1 -2 1 1 1 -9 3 -6 3 -11 4 -8 4
I? 1 -2 -3 0 0 0 -5 1 -2 1 1 1 -12 3 -9 3 -6 3 -11 4 -8 4
I? 1 -2 -3 0 0 0 -5 1 -2 1 1 1 -9 3 -6 3 -11 4 -8 4 -12 6
I? 1 -2 -9 0 -3 0 0 0 -8 1 -5 1 -2 1 1 1 -9 3 -6 3 -8 4
I? 1 -2 -3 0 0 0 -5 1 -2 1 1 1 -6 3 -8 4 -9 6 -11 7 -8 7
I? 1 -2 -3 0 0 0 -5 1 -2 1 1 1 -6 3 -8 4 -9 6 -11 7 -12 9
I? 1 -2 0 0 -5 1 -2 1 1 1 -6 3 -3 3 -5 4 -2 4 -3 6 -2 7
I? 1 -2 0 0 -5 1 -2 1 1 1 -6 3 -3 3 -5 4 -2 4 -3 6 -5 7
I? 1 -2 -6 0 0 0 -5 1 -2 1 1 1 -6 3 -3 3 -5 4 -2 4 -3 6
I? 1 -2 0 0 -2 1 1 1 -3 3 -5 4 -2 4 -6 6 -3 6 0 6 -2 7
I? 1 -2 0 0 -2 1 1 1 -3 3 -2 4 -6 6 -3 6 0 6 -5 7 -2 7
I? 1 -2 0 0 -2 1 1 1 -3 3 -2 4 -3 6 -2 7 -3 9 0 9 -2 10
I? 1 -2 0 0 -2 1 1 1 -3 3 -2 4 -3 6 -2 7 -3 9 -2 10 -3 12
I? 1 -2 0 0 -2 1 1 1 -3 3 -2 4 -3 6 -2 7 -6 9 -3 9 -5 10
I? 1 -2 0 0 -2 1 1 1 -3 3 -2 4 -3 6 -2 7 -3 9 -5 10 -6 12
I? 1 -2 0 0 -2 1 1 1 -3 3 -2 4 -3 6 -5 7 -6 9 -3 9 -5 10
I? 1 -2 0 0 -2 1 1 1 -3 3 -2 4 -3 6 -5 7 -6 9 -5 10 -6 12
I? 1 -2 0 0 -2 1 1 1 -3 3 -2 4 -3 6 -5 7 -9 9 -6 9 -8 10
I? 1 -2 0 0 -2 1 1 1 -3 3 -2 4 -3 6 -5 7 -6 9 -8 10 -9 12
I? 1 -2 0 0 -5 1 -2 1 1 1 -6 3 -3 3 -5 4 -6 6 -3 6 -5 7
I? 1 -2 0 0 -5 1 -2 1 1 1 -6 3 -3 3 -5 4 -6 6 -5 7 -6 9
I? 1 -2 -6 0 0 0 -5 1 -2 1 1 1 -6 3 -3 3 -8 4 -5 4 -9 6
I? 1 -2 -9 0 0 0 -8 1 -2 1 1 1 -9 3 -6 3 -3 3 -8 4 -5 4
I? 1 -2 -6 0 0 0 -8 1 -2 1 1 1 -9 3 -6 3 -3 3 -8 4 -5 4
I? 1 -2 -9 0 -6 0 0 0 -8 1 -5 1 -2 1 1 1 -6 3 -3 3 -5 4
I? 1 -2 -6 0 0 0 -8 1 -5 1 -2 1 1 1 -9 3 -6 3 -3 3 -5 4
I? 1 -2 0 0 -2 1 1 1 -3 3 -5 4 -6 6 -3 6 0 6 -5 7 -2 7
I? 1 -2 0 0 -2 1 1 1 -3 3 -5 4 -6 6 -5 7 -6 9 -3 9 -5 10
I? 1 -2 0 0 -2 1 1 1 -3 3 -5 4 -6 6 -5 7 -6 9 -5 10 -6 12
I? 1 -2 0 0 -2 1 1 1 -3 3 -5 4 -6 6 -5 7 -9 9 -6 9 -8 10
I? 1 -2 0 0 -2 1 1 1 -3 3 -5 4 -6 6 -5 7 -6 9 -8 10 -9 12
I? 1 -2 0 0 -2 1 1 1 -3 3 -5 4 -6 6 -8 7 -9 9 -6 9 -8 10
I? 1 -2 0 0 -2 1 1 1 -3 3 -5 4 -6 6 -8 7 -9 9 -8 10 -9 12
I? 1 -2 4 -2 7 -2 0 0 3 0 6 0 1 1 4 1 0 3 -2 4 1 4
I? 1 -2 4 -2 7 -2 0 0 3 0 6 0 1 1 4 1 0 3 3 3 1 4
I? 1 -2 4 -2 7 -2 0 0 3 0 6 0 1 1 4 1 0 3 1 4 0 6
I? 1 -2 4 -2 7 -2 0 0 3 0 6 0 1 1 4 1 0 3 3 3 -2 4
I? 1 -2 4 -2 7 -2 0 0 3 0 6 0 1 1 4 1 -3 3 0 3 -2 4
I? 1 -2 4 -2 7 -2 0 0 3 0 6 0 1 1 4 1 0 3 -2 4 -3 6
I? 1 -2 4 -2 10 -2 0 0 3 0 6 0 9 0 1 1 4 1 7 1 0 3
I? 1 -2 7 -2 0 0 3 0 6 0 1 1 4 1 0 3 3 3 -2 4 1 4
I? 1 -2 7 -2 0 0 3 0 6 0 1 1 4 1 0 3 -2 4 1 4 0 6
I? 1 -2 7 -2 0 0 3 0 6 0 1 1 4 1 -3 3 0 3 -2 4 1 4
I? 1 -2 7 -2 0 0 3 0 6 0 1 1 4 1 0 3 -2 4 1 4 -3 6
I? 1 -2 7 -2 0 0 3 0 6 0 1 1 4 1 0 3 3 3 1 4 0 6
I? 1 -2 7 -2 0 0 3 0 6 0 1 1 4 1 0 3 1 4 0 6 1 7
I? 1 -2 7 -2 0 0 3 0 6 0 1 1 4 1 0 3 1 4 0 6 -2 7
I? 1 -2 10 -2 0 0 3 0 6 0 9 0 1 1 4 1 7 1 0 3 1 4
I? 1 -2 7 -2 0 0 3 0 6 0 1 1 4 1 -3 3 0 3 3 3 -2 4
I? 1 -2 7 -2 0 0 3 0 6 0 1 1 4 1 0 3 3 3 -2 4 -3 6
I? 1 -2 7 -2 0 0 3 0 6 0 1 1 4 1 0 3 3 3 -2 4 4 4
I? 1 -2 7 -2 0 0 3 0 6 0 1 1 4 1 -3 3 0 3 -2 4 -3 6
I? 1 -2 7 -2 0 0 3 0 6 0 1 1 4 1 -3 3 0 3 -5 4 -2 4
I? 1 -2 7 -2 0 0 3 0 6 0 1 1 4 1 0 3 -2 4 -3 6 -2 7
I? 1 -2 7 -2 0 0 3 0 6 0 1 1 4 1 0 3 -2 4 -3 6 -5 7
I? 1 -2 10 -2 0 0 3 0 6 0 9 0 1 1 4 1 7 1 0 3 -2 4
I? 1 -2 4 -2 0 0 3 0 1 1 -3 3 0 3 3 3 -2 4 1 4 -3 6
I? 1 -2 4 -2 0 0 3 0 1 1 -3 3 0 3 3 3 -5 4 -2 4 1 4
I? 1 -2 4 -2 0 0 3 0 1 1 -3 3 0 3 -2 4 1 4 0 6 1 7
I? 1 -2 4 -2 0 0 3 0 1 1 -3 3 0 3 -2 4 1 4 0 6 -2 7
I? 1 -2 4 -2 0 0 3 0 1 1 -3 3 0 3 -5 4 -2 4 1 4 0 6
I? 1 -2 4 -2 0 0 3 0 1 1 0 3 -2 4 1 4 -3 6 0 6 -2 7
I? 1 -2 4 -2 0 0 3 0 1 1 0 3 -2 4 1 4 -3 6 0 6 -5 7
I? 1 -2 4 -2 0 0 3 0 1 1 -3 3 0 3 -5 4 -2 4 1 4 -3 6
I? 1 -2 4 -2 0 0 3 0 1 1 -3 3 0 3 -2 4 1 4 -3 6 -5 7
I? 1 -2 4 -2 0 0 3 0 1 1 -6 3 -3 3 0 3 -5 4 -2 4 1 4
I? 1 -2 4 -2 0 0 3 0 1 1 -3 3 0 3 -5 4 -2 4 1 4 -6 6
I? 1 -2 4 -2 0 0 3 0 1 1 0 3 -2 4 1 4 -3 6 -2 7 -3 9
I? 1 -2 4 -2 0 0 3 0 1 1 0 3 -2 4 1 4 -6 6 -3 6 -5 7
I? 1 -2 4 -2 0 0 3 0 1 1 0 3 -2 4 1 4 -3 6 -5 7 -6 9
I? 1 -2 4 -2 0 0 3 0 1 1 -3 3 0 3 -5 4 -2 4 -3 6 -2 7
I? 1 -2 4 -2 0 0 3 0 1 1 -3 3 0 3 -5 4 -2 4 -3 6 -5 7
I? 1 -2 4 -2 0 0 3 0 1 1 -6 3 -3 3 0 3 -5 4 -2 4 -3 6
I? 1 -2 4 -2 0 0 3 0 1 1 -3 3 0 3 -2 4 -3 6 -5 7 -2 7
I? 1 -2 4 -2 0 0 3 0 1 1 -3 3 0 3 -2 4 -3 6 0 6 -2 7
I? 1 -2 4 -2 0 0 3 0 1 1 -3 3 0 3 -2 4 -3 6 -2 7 -3 9
I? 1 -2 4 -2 0 0 3 0 1 1 -3 3 0 3 -2 4 -6 6 -3 6 -5 7
I? 1 -2 4 -2 0 0 3 0 1 1 -3 3 0 3 -2 4 -3 6 -5 7 -6 9
I? 1 -2 4 -2 0 0 3 0 1 1 -6 3 -3 3 0 3 -5 4 -2 4 -6 6
I? 1 -2 4 -2 0 0 3 0 1 1 -6 3 -3 3 0 3 -8 4 -5 4 -2 4
I? 1 -2 4 -2 0 0 3 0 -5 1 1 1 -6 3 -3 3 0 3 -5 4 -2 4
I? 1 -2 4 -2 0 0 3 0 1 1 -3 3 0 3 -5 4 -2 4 -6 6 -5 7
I? 1 -2 4 -2 0 0 3 0 1 1 -3 3 0 3 -5 4 -2 4 -6 6 -8 7
I? 1 -2 4 -2 0 0 3 0 1 1 0 3 -2 4 -3 6 0 6 -5 7 -2 7
I? 1 -2 4 -2 0 0 3 0 1 1 0 3 -2 4 -3 6 -5 7 -2 7 -3 9
I? 1 -2 4 -2 0 0 3 0 1 1 0 3 -2 4 -6 6 -3 6 -5 7 -2 7
I? 1 -2 4 -2 0 0 3 0 1 1 0 3 -2 4 -3 6 -5 7 -2 7 -6 9
I? 1 -2 4 -2 0 0 3 0 1 1 0 3 -2 4 -3 6 0 6 -2 7 -3 9
I? 1 -2 4 -2 0 0 3 0 1 1 0 3 -2 4 -3 6 0 6 -2 7 1 7
I? 1 -2 4 -2 0 0 3 0 1 1 0 3 -2 4 -3 6 -2 7 -3 9 -2 10
I? 1 -2 4 -2 0 0 3 0 1 1 0 3 -2 4 -3 6 -2 7 -3 9 -5 10
I? 1 -2 4 -2 0 0 3 0 1 1 0 3 -2 4 -6 6 -3 6 -5 7 -6 9
I? 1 -2 4 -2 0 0 3 0 1 1 0 3 -2 4 -6 6 -3 6 -8 7 -5 7
I? 1 -2 4 -2 0 0 3 0 1 1 0 3 -5 4 -2 4 -6 6 -3 6 -5 7
I? 1 -2 4 -2 0 0 3 0 1 1 0 3 -2 4 -3 6 -5 7 -6 9 -5 10
I? 1 -2 4 -2 0 0 3 0 1 1 0 3 -2 4 -3 6 -5 7 -6 9 -8 10
I? 1 -2 -6 0 0 0 3 0 -5 1 1 1 -6 3 -3 3 0 3 -5 4 -2 4
I? 1 -2 4 -2 10 -2 0 0 3 0 6 0 9 0 1 1 4 1 7 1 3 3
I? 1 -2 4 -2 7 -2 10 -2 0 0 3 0 6 0 9 0 1 1 4 1 7 1
I? 1 -2 4 -2 10 -2 0 0 3 0 6 0 9 0 1 1 4 1 7 1 6 3
I? 1 -2 4 -2 10 -2 0 0 3 0 6 0 9 0 1 1 4 1 7 1 10 1
I? 1 -2 10 -2 0 0 3 0 6 0 9 0 1 1 4 1 7 1 3 3 1 4
I? 1 -2 13 -2 0 0 3 0 6 0 9 0 12 0 1 1 4 1 7 1 10 1
I? 1 -2 10 -2 0 0 3 0 9 0 1 1 4 1 7 1 3 3 6 3 4 4
I? 1 -2 7 -2 0 0 6 0 1 1 4 1 0 3 3 3 -2 4 1 4 0 6
I? 1 -2 7 -2 0 0 6 0 1 1 4 1 -3 3 0 3 3 3 -2 4 1 4
I? 1 -2 7 -2 0 0 6 0 1 1 4 1 0 3 3 3 -2 4 1 4 -3 6
I? 1 -2 7 -2 0 0 6 0 1 1 4 1 0 3 3 3 -2 4 1 4 4 4
I? 1 -2 0 0 -5 1 1 1 -6 3 -3 3 0 3 -8 4 -5 4 -2 4 1 4
I? 1 -2 -6 0 0 0 -5 1 1 1 -6 3 -3 3 0 3 -5 4 -2 4 1 4
I? 1 -2 7 -2 0 0 6 0 1 1 4 1 0 3 3 3 1 4 0 6 -2 7
I? 1 -2 10 -2 0 0 9 0 1 1 7 1 0 3 3 3 6 3 1 4 4 4
I? 1 -2 0 0 -5 1 1 1 -6 3 -3 3 0 3 -5 4 -2 4 -3 6 -5 7
I? 1 -2 -6 0 0 0 -5 1 1 1 -6 3 -3 3 0 3 -5 4 -2 4 -3 6
I? 1 -2 0 0 -5 1 1 1 -6 3 -3 3 0 3 -5 4 -2 4 -6 6 -5 7
I? 1 -2 -6 0 0 0 -5 1 1 1 -6 3 -3 3 0 3 -5 4 -2 4 -6 6
I? 1 -2 -6 0 0 0 -5 1 1 1 -6 3 -3 3 0 3 -8 4 -5 4 -2 4
I? 1 -2 0 0 -8 1 1 1 -9 3 -6 3 -3 3 0 3 -8 4 -5 4 -2 4
I? 1 -2 -6 0 0 0 -8 1 -5 1 1 1 -6 3 -3 3 0 3 -5 4 -2 4
I? 1 -2 0 0 -5 1 1 1 -6 3 0 3 -5 4 -2 4 -6 6 -3 6 -5 7
I? 1 -2 -6 0 -3 0 0 0 -5 1 -2 1 -6 3 -3 3 0 3 -5 4 -2 4
I? 1 -2 -6 0 -3 0 0 0 -5 1 -2 1 -6 3 -3 3 -5 4 -2 4 -3 6
I? 1 -2 -6 0 -3 0 0 0 -5 1 -2 1 -6 3 -3 3 -5 4 -2 4 -6 6
I? 1 -2 -6 0 -3 0 0 0 -8 1 -5 1 -2 1 -6 3 -3 3 -5 4 -2 4
I? 1 -2 -6 0 -3 0 0 0 -5 1 -2 1 -6 3 -3 3 -8 4 -5 4 -2 4
I? 1 -2 -6 0 -3 0 0 0 -5 1 -2 1 -3 3 0 3 -5 4 -2 4 -3 6
I? 1 -2 -6 0 -3 0 0 0 -5 1 -2 1 -3 3 0 3 -5 4 -2 4 -6 6
I? 1 -2 -6 0 -3 0 0 0 -8 1 -5 1 -2 1 -3 3 0 3 -5 4 -2 4
I? 1 -2 -6 0 -3 0 0 0 -5 1 -2 1 -3 3 0 3 -5 4 -2 4 1 4
I? 1 -2 -6 0 -3 0 0 0 -8 1 -5 1 -2 1 -3 3 -5 4 -2 4 -3 6
I? 1 -2 -6 0 -3 0 0 0 -5 1 -2 1 -3 3 -5 4 -2 4 -3 6 -2 7
I? 1 -2 -6 0 -3 0 0 0 -5 1 -2 1 -3 3 -5 4 -2 4 -3 6 -5 7
I? 1 -2 -6 0 -3 0 0 0 -8 1 -5 1 -2 1 -3 3 -5 4 -2 4 -6 6
I? 1 -2 -6 0 -3 0 0 0 -5 1 -2 1 -3 3 -5 4 -2 4 -6 6 -8 7
I? 1 -2 -9 0 -6 0 -3 0 0 0 -8 1 -5 1 -2 1 -3 3 -5 4 -2 4
I? 1 -2 -6 0 -3 0 0 0 -8 1 -5 1 -2 1 -9 3 -3 3 -5 4 -2 4
I? 1 -2 -3 0 0 0 -5 1 -2 1 -6 3 -3 3 0 3 -8 4 -5 4 -2 4
I? 1 -2 -3 0 0 0 -5 1 -2 1 -6 3 -3 3 0 3 -5 4 -2 4 1 4
I? 1 -2 -3 0 0 0 -5 1 -2 1 -6 3 -3 3 -5 4 -2 4 -3 6 -2 7
I? 1 -2 -3 0 0 0 -5 1 -2 1 -6 3 -3 3 -5 4 -2 4 -3 6 -5 7
I? 1 -2 -3 0 0 0 -5 1 -2 1 -3 3 0 3 -5 4 -2 4 -6 6 -5 7
I? 1 -2 -3 0 0 0 -5 1 -2 1 -3 3 0 3 -5 4 -2 4 -6 6 -8 7
I? 1 -2 -3 0 0 0 -5 1 -2 1 -3 3 -5 4 -2 4 -6 6 -3 6 -2 7
I? 1 -2 -3 0 0 0 -5 1 -2 1 -3 3 -5 4 -2 4 -6 6 -3 6 -5 7
I? 1 -2 -3 0 0 0 -5 1 -2 1 -3 3 -5 4 -2 4 -6 6 -3 6 -8 7
I? 1 -2 -3 0 0 0 -5 1 -2 1 -3 3 -5 4 -2 4 -3 6 -5 7 -6 9
I? 1 -2 -3 0 0 0 -5 1 -2 1 -3 3 -5 4 -2 4 -6 6 -5 7 -6 9
I? 1 -2 -6 0 -3 0 0 0 -5 1 -2 1 -6 3 -3 3 0 3 -2 4 -3 6
I? 1 -2 -6 0 -3 0 0 0 -8 1 -5 1 -2 1 -6 3 -3 3 0 3 -2 4
I? 1 -2 -6 0 -3 0 0 0 -5 1 -2 1 -6 3 -3 3 0 3 -8 4 -2 4
I? 1 -2 -6 0 -3 0 0 0 -5 1 -2 1 -6 3 -3 3 0 3 -2 4 1 4
I? 1 -2 -6 0 -3 0 0 0 -8 1 -5 1 -2 1 -6 3 -3 3 -2 4 -3 6
I? 1 -2 -6 0 -3 0 0 0 -5 1 -2 1 -6 3 -3 3 -8 4 -2 4 -3 6
I? 1 -2 -6 0 -3 0 0 0 -5 1 -2 1 -6 3 -3 3 -2 4 -3 6 -2 7
I? 1 -2 -6 0 -3 0 0 0 -5 1 -2 1 -6 3 -3 3 -2 4 -3 6 -5 7
I? 1 -2 -9 0 -6 0 -3 0 0 0 -8 1 -5 1 -2 1 -6 3 -3 3 -2 4
I? 1 -2 -6 0 -3 0 0 0 -8 1 -5 1 -2 1 -9 3 -6 3 -3 3 -2 4
I? 1 -2 -6 0 -3 0 0 0 -5 1 -2 1 -6 3 -3 3 -8 4 -2 4 -9 6
I? 1 -2 -6 0 -3 0 0 0 -8 1 -5 1 -2 1 -3 3 0 3 -2 4 -3 6
I? 1 -2 -6 0 -3 0 0 0 -5 1 -2 1 -3 3 0 3 -2 4 1 4 -3 6
I? 1 -2 -6 0 -3 0 0 0 -5 1 -2 1 -3 3 0 3 -2 4 -3 6 -2 7
I? 1 -2 -6 0 -3 0 0 0 -5 1 -2 1 -3 3 0 3 -2 4 -3 6 -5 7
I? 1 -2 -6 0 -3 0 0 0 -8 1 -5 1 -2 1 -3 3 0 3 -2 4 1 4
I? 1 -2 -9 0 -6 0 -3 0 0 0 -8 1 -5 1 -2 1 -3 3 0 3 -2 4
I? 1 -2 -6 0 -3 0 0 0 -8 1 -5 1 -2 1 -9 3 -3 3 0 3 -2 4
I? 1 -2 -6 0 -3 0 0 0 -5 1 -2 1 -3 3 0 3 3 3 -2 4 1 4
I? 1 -2 -6 0 -3 0 0 0 -5 1 -2 1 -3 3 0 3 -2 4 1 4 0 6
I? 1 -2 -6 0 -3 0 0 0 -8 1 -5 1 -2 1 -3 3 -2 4 -3 6 -2 7
I? 1 -2 -6 0 -3 0 0 0 -8 1 -5 1 -2 1 -3 3 -2 4 -3 6 -5 7
I? 1 -2 -9 0 -6 0 -3 0 0 0 -8 1 -5 1 -2 1 -3 3 -2 4 -3 6
I? 1 -2 -6 0 -3 0 0 0 -8 1 -5 1 -2 1 -9 3 -3 3 -2 4 -3 6
I? 1 -2 -6 0 -3 0 0 0 -5 1 -2 1 -3 3 -2 4 -3 6 -5 7 -2 7
I? 1 -2 -6 0 -3 0 0 0 -5 1 -2 1 -3 3 -2 4 -3 6 0 6 -2 7
I? 1 -2 -6 0 -3 0 0 0 -5 1 -2 1 -3 3 -2 4 -3 6 -2 7 -3 9
I? 1 -2 -6 0 -3 0 0 0 -5 1 -2 1 -3 3 -2 4 -6 6 -3 6 -5 7
I? 1 -2 -6 0 -3 0 0 0 -5 1 -2 1 -3 3 -2 4 -3 6 -5 7 -6 9
I? 1 -2 -9 0 -6 0 -3 0 0 0 -8 1 -5 1 -2 1 -9 3 -3 3 -2 4
I? 1 -2 -9 0 -6 0 -3 0 0 0 -11 1 -8 1 -5 1 -2 1 -3 3 -2 4
I? 1 -2 -6 0 -3 0 0 0 -8 1 -5 1 -2 1 -9 3 -3 3 -8 4 -2 4
I? 1 -2 -6 0 -3 0 0 0 -8 1 -5 1 -2 1 -9 3 -3 3 -11 4 -2 4
I? 1 -2 -3 0 0 0 -5 1 -2 1 -6 3 -3 3 0 3 -2 4 1 4 -3 6
I? 1 -2 -3 0 0 0 -5 1 -2 1 -6 3 -3 3 0 3 -2 4 -3 6 -2 7
I? 1 -2 -3 0 0 0 -5 1 -2 1 -6 3 -3 3 0 3 -2 4 -3 6 -5 7
I? 1 -2 -3 0 0 0 -5 1 -2 1 -6 3 -3 3 0 3 -8 4 -2 4 1 4
I? 1 -2 -3 0 0 0 -5 1 -2 1 -9 3 -6 3 -3 3 0 3 -8 4 -2 4
I? 1 -2 -3 0 0 0 -5 1 -2 1 -6 3 -3 3 -8 4 -2 4 -3 6 -2 7
I? 1 -2 -3 0 0 0 -5 1 -2 1 -6 3 -3 3 -8 4 -2 4 -3 6 -5 7
I? 1 -2 -3 0 0 0 -5 1 -2 1 -6 3 -3 3 -2 4 -3 6 -5 7 -2 7
I? 1 -2 -3 0 0 0 -5 1 -2 1 -6 3 -3 3 -2 4 -3 6 0 6 -2 7
I? 1 -2 -3 0 0 0 -5 1 -2 1 -6 3 -3 3 -2 4 -3 6 -2 7 -3 9
I? 1 -2 -3 0 0 0 -5 1 -2 1 -6 3 -3 3 -2 4 -3 6 -5 7 -6 9
I? 1 -2 -3 0 0 0 -5 1 -2 1 -9 3 -6 3 -3 3 -11 4 -8 4 -2 4
I? 1 -2 -3 0 0 0 -8 1 -5 1 -2 1 -9 3 -6 3 -3 3 -8 4 -2 4
I? 1 -2 -3 0 0 0 -5 1 -2 1 -6 3 -3 3 -8 4 -2 4 -9 6 -11 7
I? 1 -2 -3 0 0 0 -5 1 -2 1 -3 3 0 3 -2 4 -6 6 -3 6 -5 7
I? 1 -2 -3 0 0 0 -5 1 -2 1 -3 3 0 3 -2 4 -3 6 -5 7 -6 9
I? 1 -2 -3 0 0 0 -5 1 -2 1 4 1 -3 3 0 3 3 3 -2 4 1 4
I? 1 -2 -3 0 0 0 -5 1 -2 1 -3 3 -2 4 -6 6 -3 6 -5 7 -2 7
I? 1 -2 -3 0 0 0 -5 1 -2 1 -3 3 -2 4 -3 6 -5 7 -2 7 -6 9
I? 1 -2 -3 0 0 0 -5 1 -2 1 -3 3 -2 4 -6 6 -3 6 -5 7 -6 9
I? 1 -2 -3 0 0 0 -5 1 -2 1 -3 3 -2 4 -6 6 -3 6 -8 7 -5 7
I? 1 -2 -3 0 0 0 -5 1 -2 1 -3 3 -2 4 -3 6 -5 7 -6 9 -8 10
I? 1 -2 -6 0 -3 0 0 0 -8 1 -5 1 -2 1 -6 3 -3 3 -5 4 -6 6
I? 1 -2 -6 0 -3 0 0 0 -5 1 -2 1 -6 3 -3 3 -8 4 -5 4 -6 6
I? 1 -2 -6 0 -3 0 0 0 -5 1 -2 1 -6 3 -3 3 -5 4 -6 6 -8 7
I? 1 -2 -9 0 -6 0 -3 0 0 0 -8 1 -5 1 -2 1 -6 3 -3 3 -5 4
I? 1 -2 -6 0 -3 0 0 0 -8 1 -5 1 -2 1 -9 3 -6 3 -3 3 -5 4
I? 1 -2 -6 0 -3 0 0 0 -5 1 -2 1 -6 3 -3 3 -8 4 -5 4 -9 6
I? 1 -2 -9 0 -6 0 -3 0 0 0 -8 1 -5 1 -2 1 -3 3 -5 4 -6 6
I? 1 -2 -6 0 -3 0 0 0 -8 1 -5 1 -2 1 -9 3 -3 3 -5 4 -6 6
I? 1 -2 -6 0 -3 0 0 0 -5 1 -2 1 -3 3 -5 4 -6 6 -3 6 -5 7
I? 1 -2 -6 0 -3 0 0 0 -5 1 -2 1 -3 3 -5 4 -6 6 -5 7 -6 9
I? 1 -2 -6 0 -3 0 0 0 -5 1 -2 1 -3 3 -5 4 -9 6 -6 6 -8 7
I? 1 -2 -6 0 -3 0 0 0 -5 1 -2 1 -3 3 -5 4 -6 6 -8 7 -9 9
I? 1 -2 -9 0 -6 0 -3 0 0 0 -8 1 -5 1 -2 1 -9 3 -3 3 -5 4
I? 1 -2 -9 0 -6 0 -3 0 0 0 -11 1 -8 1 -5 1 -2 1 -3 3 -5 4
I? 1 -2 -6 0 -3 0 0 0 -8 1 -5 1 -2 1 -9 3 -3 3 -11 4 -5 4
I? 1 -2 -3 0 0 0 -5 1 -2 1 -6 3 -3 3 -5 4 -6 6 -3 6 -5 7
I? 1 -2 -3 0 0 0 -5 1 -2 1 -6 3 -3 3 -5 4 -6 6 -5 7 -6 9
I? 1 -2 -3 0 0 0 -5 1 -2 1 -6 3 -3 3 -5 4 -9 6 -6 6 -8 7
I? 1 -2 -3 0 0 0 -5 1 -2 1 -6 3 -3 3 -5 4 -6 6 -8 7 -9 9
I? 1 -2 -3 0 0 0 -5 1 -2 1 -9 3 -6 3 -3 3 -11 4 -8 4 -5 4
I? 1 -2 -3 0 0 0 -8 1 -5 1 -2 1 -9 3 -6 3 -3 3 -8 4 -5 4
I? 1 -2 -3 0 0 0 -5 1 -2 1 -6 3 -3 3 -8 4 -5 4 -9 6 -8 7
I? 1 -2 -3 0 0 0 -5 1 -2 1 -6 3 -3 3 -8 4 -5 4 -9 6 -11 7
I? 1 -2 -3 0 0 0 -5 1 -2 1 -3 3 -5 4 -6 6 -3 6 -8 7 -5 7
I? 1 -2 -3 0 0 0 -5 1 -2 1 -3 3 -5 4 -6 6 -8 7 -5 7 -6 9
I? 1 -2 -3 0 0 0 -5 1 -2 1 -3 3 -5 4 -6 6 -3 6 -5 7 -6 9
I? 1 -2 -3 0 0 0 -5 1 -2 1 -3 3 -5 4 -6 6 -3 6 -5 7 -2 7
I? 1 -2 -3 0 0 0 -5 1 -2 1 -3 3 -5 4 -6 6 -5 7 -6 9 -5 10
I? 1 -2 -3 0 0 0 -5 1 -2 1 -3 3 -5 4 -9 6 -6 6 -8 7 -9 9
I? 1 -2 -3 0 0 0 -5 1 -2 1 -3 3 -5 4 -9 6 -6 6 -11 7 -8 7
I? 1 -2 -3 0 0 0 -5 1 -2 1 -3 3 -5 4 -6 6 -8 7 -9 9 -11 10
I? 1 -2 -9 0 -6 0 -3 0 0 0 -8 1 -5 1 -2 1 -6 3 -3 3 -8 4
I? 1 -2 -6 0 -3 0 0 0 -8 1 -5 1 -2 1 -9 3 -6 3 -3 3 -8 4
I? 1 -2 -6 0 -3 0 0 0 -8 1 -5 1 -2 1 -6 3 -3 3 -8 4 -9 6
I? 1 -2 -6 0 -3 0 0 0 -8 1 -5 1 -2 1 -9 3 -6 3 -3 3 -11 4
I? 1 -2 -6 0 -3 0 0 0 -5 1 -2 1 -9 3 -6 3 -3 3 -11 4 -8 4
I? 1 -2 -6 0 -3 0 0 0 -5 1 -2 1 -6 3 -3 3 -8 4 -9 6 -8 7
I? 1 -2 -9 0 -6 0 -3 0 0 0 -8 1 -5 1 -2 1 -9 3 -3 3 -8 4
I? 1 -2 -9 0 -6 0 -3 0 0 0 -8 1 -5 1 -2 1 -9 3 -3 3 -11 4
I? 1 -2 -12 0 -9 0 -6 0 -3 0 0 0 -11 1 -8 1 -5 1 -2 1 -3 3
I? 1 -2 -6 0 -3 0 0 0 -8 1 -5 1 -2 1 -9 3 -3 3 -11 4 -8 4
I? 1 -2 -6 0 -3 0 0 0 -8 1 -5 1 -2 1 -9 3 -3 3 -8 4 -9 6
I? 1 -2 -6 0 -3 0 0 0 -8 1 -5 1 -2 1 -12 3 -9 3 -3 3 -11 4
I? 1 -2 -6 0 -3 0 0 0 -8 1 -5 1 -2 1 -9 3 -3 3 -11 4 -12 6
I? 1 -2 -3 0 0 0 -5 1 -2 1 -9 3 -6 3 -3 3 -11 4 -8 4 -9 6
I? 1 -2 -3 0 0 0 -8 1 -5 1 -2 1 -9 3 -6 3 -3 3 -8 4 -9 6
I? 1 -2 -3 0 0 0 -8 1 -5 1 -2 1 -9 3 -6 3 -3 3 -11 4 -8 4
I? 1 -2 -3 0 0 0 -5 1 -2 1 -12 3 -9 3 -6 3 -3 3 -11 4 -8 4
I? 1 -2 -9 0 -3 0 0 0 -8 1 -5 1 -2 1 -9 3 -6 3 -3 3 -8 4
I? 1 -2 -3 0 0 0 -5 1 -2 1 -6 3 -3 3 -8 4 -9 6 -11 7 -8 7
I? 1 -2 -3 0 0 0 -5 1 -2 1 -6 3 -3 3 -8 4 -9 6 -8 7 -9 9
I? 1 -2 -3 0 0 0 -5 1 -2 1 -6 3 -3 3 -8 4 -9 6 -11 7 -12 9
I? 1 -2 -3 0 0 0 -2 1 -6 3 -3 3 0 3 -8 4 -5 4 -2 4 1 4
I? 1 -2 -3 0 0 0 -2 1 -9 3 -6 3 -3 3 0 3 -8 4 -5 4 -2 4
I? 1 -2 -3 0 0 0 -2 1 -6 3 -3 3 -8 4 -5 4 -2 4 -3 6 -2 7
I? 1 -2 -3 0 0 0 -2 1 -6 3 -3 3 -8 4 -5 4 -2 4 -3 6 -5 7
I? 1 -2 -3 0 0 0 -8 1 -2 1 -9 3 -6 3 -3 3 -8 4 -5 4 -2 4
I? 1 -2 -3 0 0 0 -2 1 -9 3 -6 3 -3 3 -8 4 -5 4 -6 6 -8 7
I? 1 -2 -3 0 0 0 -2 1 -6 3 -3 3 -8 4 -5 4 -9 6 -6 6 -8 7
I? 1 -2 -3 0 0 0 -2 1 -6 3 -3 3 -8 4 -5 4 -6 6 -8 7 -9 9
I? 1 -2 -3 0 0 0 -8 1 -2 1 -9 3 -6 3 -3 3 -8 4 -5 4 -6 6
I? 1 -2 -3 0 0 0 -2 1 -6 3 -3 3 -8 4 -5 4 -9 6 -6 6 -11 7
I? 1 -2 -3 0 0 0 -2 1 -6 3 -3 3 -5 4 -9 6 -6 6 -11 7 -8 7
I? 1 -2 -3 0 0 0 -8 1 -2 1 -9 3 -6 3 -3 3 -8 4 -5 4 -9 6
I? 1 -2 -3 0 0 0 -2 1 -9 3 -6 3 -3 3 -8 4 -5 4 -9 6 -8 7
I? 1 -2 -3 0 0 0 -8 1 -2 1 -9 3 -6 3 -3 3 -11 4 -8 4 -5 4
I? 1 -2 -3 0 0 0 -2 1 -12 3 -9 3 -6 3 -3 3 -11 4 -8 4 -5 4
I? 1 -2 -9 0 -3 0 0 0 -8 1 -2 1 -9 3 -6 3 -3 3 -8 4 -5 4
I? 1 -2 -3 0 0 0 -2 1 -6 3 -3 3 -8 4 -5 4 -9 6 -11 7 -8 7
I? 1 -2 -3 0 0 0 -2 1 -6 3 -3 3 -8 4 -5 4 -9 6 -8 7 -9 9
I? 1 -2 -3 0 0 0 -2 1 -6 3 -3 3 -8 4 -5 4 -9 6 -11 7 -12 9
I? 1 -2 -3 0 0 0 -2 1 -3 3 -8 4 -5 4 -9 6 -6 6 -8 7 -9 9
I? 1 -2 -3 0 0 0 -2 1 -3 3 -8 4 -5 4 -9 6 -6 6 -11 7 -8 7
I? 1 -2 -3 0 0 0 -2 1 -3 3 -5 4 -12 6 -9 6 -6 6 -11 7 -8 7
I? 1 -2 -3 0 0 0 -2 1 -9 3 -3 3 -8 4 -5 4 -9 6 -6 6 -8 7
I? 1 -2 -9 0 -6 0 -3 0 0 0 -8 1 -5 1 -2 1 -6 3 -8 4 -5 4
I? 1 -2 -6 0 -3 0 0 0 -8 1 -5 1 -2 1 -9 3 -6 3 -8 4 -5 4
I? 1 -2 -6 0 -3 0 0 0 -8 1 -5 1 -2 1 -6 3 -8 4 -5 4 -9 6
I? 1 -2 -9 0 -6 0 -3 0 0 0 -8 1 -5 1 -2 1 -9 3 -6 3 -5 4
I? 1 -2 -9 0 -6 0 -3 0 0 0 -8 1 -5 1 -2 1 -6 3 -5 4 -6 6
I? 1 -2 -9 0 -6 0 -3 0 0 0 -11 1 -8 1 -5 1 -2 1 -6 3 -5 4
I? 1 -2 -6 0 -3 0 0 0 -8 1 -5 1 -2 1 -9 3 -6 3 -5 4 -6 6
I? 1 -2 -6 0 -3 0 0 0 -8 1 -5 1 -2 1 -9 3 -6 3 -11 4 -5 4
I? 1 -2 -6 0 -3 0 0 0 -8 1 -5 1 -2 1 -6 3 -5 4 -6 6 -5 7
I? 1 -2 -9 0 -6 0 -3 0 0 0 -8 1 -5 1 -2 1 -9 3 -6 3 -8 4
I? 1 -2 -9 0 -6 0 -3 0 0 0 -8 1 -5 1 -2 1 -6 3 -8 4 -9 6
I? 1 -2 -9 0 -6 0 -3 0 0 0 -11 1 -8 1 -5 1 -2 1 -6 3 -8 4
I? 1 -2 -6 0 -3 0 0 0 -8 1 -5 1 -2 1 -9 3 -6 3 -8 4 -9 6
I? 1 -2 -6 0 -3 0 0 0 -8 1 -5 1 -2 1 -9 3 -6 3 -11 4 -8 4
I? 1 -2 -6 0 -3 0 0 0 -8 1 -5 1 -2 1 -6 3 -8 4 -9 6 -8 7
I? 1 -2 -6 0 -3 0 0 0 -8 1 -5 1 -2 1 -6 3 -8 4 -9 6 -11 7
I? 1 -2 -9 0 -6 0 -3 0 0 0 -8 1 -5 1 -2 1 -9 3 -6 3 -11 4
I? 1 -2 -12 0 -9 0 -6 0 -3 0 0 0 -11 1 -8 1 -5 1 -2 1 -6 3
I? 1 -2 -6 0 -3 0 0 0 -8 1 -5 1 -2 1 -12 3 -9 3 -6 3 -11 4
I? 1 -2 -6 0 -3 0 0 0 -8 1 -5 1 -2 1 -9 3 -6 3 -11 4 -12 6
I? 1 -2 -6 0 -3 0 0 0 -5 1 -2 1 -6 3 -8 4 -5 4 -6 6 -5 7
I? 1 -2 -6 0 -3 0 0 0 -5 1 -2 1 -9 3 -6 3 -11 4 -8 4 -5 4
I? 1 -2 -6 0 -3 0 0 0 -5 1 -2 1 -6 3 -8 4 -5 4 -9 6 -8 7
I? 1 -2 -6 0 -3 0 0 0 -5 1 -2 1 -6 3 -5 4 -6 6 -3 6 -5 7
I? 1 -2 -6 0 -3 0 0 0 -5 1 -2 1 -6 3 -5 4 -6 6 -5 7 -6 9
I? 1 -2 -6 0 -3 0 0 0 -5 1 -2 1 -6 3 -5 4 -9 6 -6 6 -8 7
I? 1 -2 -6 0 -3 0 0 0 -5 1 -2 1 -6 3 -5 4 -6 6 -8 7 -9 9
I? 1 -2 -6 0 -3 0 0 0 -5 1 -2 1 -9 3 -6 3 -11 4 -8 4 -9 6
I? 1 -2 -6 0 -3 0 0 0 -5 1 -2 1 -12 3 -9 3 -6 3 -11 4 -8 4
I? 1 -2 -6 0 -3 0 0 0 -5 1 -2 1 -9 3 -6 3 -11 4 -8 4 -12 6
I? 1 -2 -6 0 -3 0 0 0 -5 1 -2 1 -6 3 -8 4 -9 6 -6 6 -8 7
I? 1 -2 -6 0 -3 0 0 0 -5 1 -2 1 -6 3 -8 4 -9 6 -8 7 -9 9
I? 1 -2 -9 0 -6 0 -3 0 0 0 -11 1 -8 1 -5 1 -2 1 -9 3 -8 4
I? 1 -2 -12 0 -9 0 -6 0 -3 0 0 0 -11 1 -8 1 -5 1 -2 1 -9 3
I? 1 -2 -9 0 -6 0 -3 0 0 0 -8 1 -5 1 -2 1 -9 3 -11 4 -8 4
I? 1 -2 -9 0 -6 0 -3 0 0 0 -8 1 -5 1 -2 1 -9 3 -8 4 -9 6
I? 1 -2 -9 0 -6 0 -3 0 0 0 -8 1 -5 1 -2 1 -9 3 -11 4 -12 6
I? 1 -2 -12 0 -9 0 -6 0 -3 0 0 0 -11 1 -8 1 -5 1 -2 1 -12 3
I? 1 -2 -12 0 -9 0 -6 0 -3 0 0 0 -14 1 -11 1 -8 1 -5 1 -2 1
I? 1 -2 -9 0 -6 0 -3 0 0 0 -11 1 -8 1 -5 1 -2 1 -12 3 -11 4
I? 1 -2 -9 0 -6 0 -3 0 0 0 -11 1 -8 1 -5 1 -2 1 -12 3 -14 4
I? 1 -2 -6 0 -3 0 0 0 -8 1 -5 1 -2 1 -9 3 -11 4 -8 4 -9 6
I? 1 -2 -6 0 -3 0 0 0 -8 1 -5 1 -2 1 -12 3 -9 3 -11 4 -8 4
I? 1 -2 -6 0 -3 0 0 0 -8 1 -5 1 -2 1 -9 3 -11 4 -8 4 -12 6
I? 1 -2 -6 0 -3 0 0 0 -8 1 -5 1 -2 1 -9 3 -8 4 -9 6 -8 7
I? 1 -2 -6 0 -3 0 0 0 -8 1 -5 1 -2 1 -9 3 -8 4 -9 6 -11 7
I? 1 -2 -6 0 -3 0 0 0 -8 1 -5 1 -2 1 -12 3 -9 3 -11 4 -12 6
I? 1 -2 -6 0 -3 0 0 0 -8 1 -5 1 -2 1 -12 3 -9 3 -14 4 -11 4
I? 1 -2 -6 0 -3 0 0 0 -11 1 -8 1 -5 1 -2 1 -12 3 -9 3 -11 4
I? 1 -2 -6 0 -3 0 0 0 -8 1 -5 1 -2 1 -9 3 -11 4 -12 6 -11 7
I? 1 -2 -6 0 -3 0 0 0 -8 1 -5 1 -2 1 -9 3 -11 4 -12 6 -14 7
I? 1 -2 -3 0 0 0 -8 1 -5 1 -2 1 -9 3 -6 3 -8 4 -5 4 -6 6
I? 1 -2 -3 0 0 0 -5 1 -2 1 -6 3 -8 4 -5 4 -9 6 -6 6 -8 7
I? 1 -2 -3 0 0 0 -5 1 -2 1 -6 3 -8 4 -5 4 -9 6 -6 6 -11 7
I? 1 -2 -3 0 0 0 -5 1 -2 1 -6 3 -8 4 -5 4 -6 6 -8 7 -9 9
I? 1 -2 -3 0 0 0 -8 1 -5 1 -2 1 -9 3 -6 3 -8 4 -5 4 -9 6
I? 1 -2 -3 0 0 0 -8 1 -5 1 -2 1 -9 3 -6 3 -11 4 -8 4 -5 4
I? 1 -2 -3 0 0 0 -5 1 -2 1 -12 3 -9 3 -6 3 -11 4 -8 4 -5 4
I? 1 -2 -9 0 -3 0 0 0 -8 1 -5 1 -2 1 -9 3 -6 3 -8 4 -5 4
I? 1 -2 -3 0 0 0 -5 1 -2 1 -6 3 -8 4 -5 4 -9 6 -11 7 -8 7
I? 1 -2 -3 0 0 0 -5 1 -2 1 -6 3 -8 4 -5 4 -9 6 -8 7 -9 9
I? 1 -2 -3 0 0 0 -5 1 -2 1 -6 3 -8 4 -5 4 -9 6 -11 7 -12 9
I? 1 -2 -3 0 0 0 -5 1 -2 1 -6 3 -5 4 -6 6 -3 6 -5 7 -6 9
I? 1 -2 -3 0 0 0 -5 1 -2 1 -6 3 -5 4 -6 6 -3 6 -5 7 -2 7
I? 1 -2 -3 0 0 0 -5 1 -2 1 -6 3 -5 4 -6 6 -5 7 -6 9 -5 10
I? 1 -2 -3 0 0 0 -5 1 -2 1 -6 3 -5 4 -9 6 -6 6 -8 7 -9 9
I? 1 -2 -3 0 0 0 -5 1 -2 1 -6 3 -5 4 -9 6 -6 6 -11 7 -8 7
I? 1 -2 -3 0 0 0 -5 1 -2 1 -6 3 -5 4 -6 6 -8 7 -9 9 -11 10
I? 1 -2 -3 0 0 0 -8 1 -5 1 -2 1 -9 3 -6 3 -11 4 -8 4 -9 6
I? 1 -2 -3 0 0 0 -5 1 -2 1 -9 3 -6 3 -11 4 -8 4 -9 6 -8 7
I? 1 -2 -3 0 0 0 -8 1 -5 1 -2 1 -9 3 -6 3 -8 4 -9 6 -8 7
I? 1 -2 -3 0 0 0 -8 1 -5 1 -2 1 -9 3 -6 3 -8 4 -9 6 -11 7
I? 1 -2 -9 0 -3 0 0 0 -8 1 -5 1 -2 1 -9 3 -6 3 -8 4 -9 6
I? 1 -2 -3 0 0 0 -8 1 -5 1 -2 1 -12 3 -9 3 -6 3 -11 4 -8 4
I? 1 -2 -3 0 0 0 -8 1 -5 1 -2 1 -9 3 -6 3 -11 4 -8 4 -12 6
I? 1 -2 -9 0 -3 0 0 0 -8 1 -5 1 -2 1 -9 3 -6 3 -11 4 -8 4
I? 1 -2 -3 0 0 0 -5 1 -2 1 -12 3 -9 3 -6 3 -14 4 -11 4 -8 4
I? 1 -2 -3 0 0 0 -11 1 -5 1 -2 1 -12 3 -9 3 -6 3 -11 4 -8 4
I? 1 -2 -3 0 0 0 -5 1 -2 1 -9 3 -6 3 -11 4 -8 4 -12 6 -11 7
I? 1 -2 -3 0 0 0 -5 1 -2 1 -9 3 -6 3 -11 4 -8 4 -12 6 -14 7
I? 1 -2 -9 0 -3 0 0 0 -11 1 -8 1 -5 1 -2 1 -9 3 -6 3 -8 4
I? 1 -2 -3 0 0 0 -5 1 -2 1 -6 3 -8 4 -9 6 -6 6 -11 7 -8 7
I? 1 -2 -3 0 0 0 -5 1 -2 1 -6 3 -8 4 -9 6 -11 7 -8 7 -9 9
I? 1 -2 -3 0 0 0 -5 1 -2 1 -6 3 -8 4 -9 6 -11 7 -8 7 -12 9
I? 1 -2 -3 0 0 0 -5 1 -2 1 -6 3 -8 4 -9 6 -6 6 -8 7 -9 9
I? 1 -2 -3 0 0 0 -5 1 -2 1 -6 3 -8 4 -9 6 -8 7 -9 9 -11 10
I? 1 -2 -3 0 0 0 -5 1 -2 1 -6 3 -8 4 -12 6 -9 6 -14 7 -11 7
I? 1 -2 -3 0 0 0 -5 1 -2 1 -6 3 -11 4 -8 4 -12 6 -9 6 -11 7
I? 1 -2 -3 0 0 0 -5 1 -2 1 -6 3 -8 4 -9 6 -11 7 -12 9 -11 10
I? 1 -2 -3 0 0 0 -5 1 -2 1 -6 3 -8 4 -9 6 -11 7 -12 9 -14 10
I? 1 -2 0 0 -5 1 -2 1 -6 3 -3 3 0 3 -5 4 -2 4 -3 6 -5 7
I? 1 -2 -6 0 0 0 -5 1 -2 1 -6 3 -3 3 0 3 -5 4 -2 4 -3 6
I? 1 -2 0 0 -2 1 -3 3 0 3 -5 4 -2 4 -6 6 -3 6 0 6 -2 7
I? 1 -2 0 0 -5 1 -2 1 -6 3 -3 3 0 3 -5 4 -2 4 -6 6 -5 7
I? 1 -2 -6 0 0 0 -5 1 -2 1 -6 3 -3 3 0 3 -5 4 -2 4 -6 6
I? 1 -2 0 0 -5 1 -2 1 -6 3 -3 3 0 3 -8 4 -5 4 -2 4 1 4
I? 1 -2 0 0 -2 1 -9 3 -6 3 -3 3 0 3 -8 4 -5 4 -2 4 1 4
I? 1 -2 -6 0 0 0 -5 1 -2 1 -6 3 -3 3 0 3 -5 4 -2 4 1 4
I? 1 -2 -6 0 0 0 -5 1 -2 1 -6 3 -3 3 0 3 -8 4 -5 4 -2 4
I? 1 -2 0 0 -2 1 -9 3 -6 3 -3 3 0 3 -11 4 -8 4 -5 4 -2 4
I? 1 -2 0 0 -8 1 -2 1 -9 3 -6 3 -3 3 0 3 -8 4 -5 4 -2 4
I? 1 -2 0 0 -2 1 -6 3 -3 3 0 3 -8 4 -5 4 -2 4 -9 6 -8 7
I? 1 -2 0 0 -2 1 -6 3 -3 3 0 3 -8 4 -5 4 -2 4 -9 6 -11 7
I? 1 -2 -6 0 0 0 -8 1 -5 1 -2 1 -6 3 -3 3 0 3 -5 4 -2 4
I? 1 -2 0 0 -2 1 -3 3 0 3 -5 4 -2 4 1 4 -6 6 0 6 -5 7
I? 1 -2 0 0 -2 1 -3 3 0 3 -5 4 -2 4 1 4 -6 6 0 6 -8 7
I? 1 -2 0 0 -2 1 -3 3 0 3 -5 4 -2 4 1 4 -6 6 0 6 1 7
I? 1 -2 0 0 -2 1 -3 3 0 3 -5 4 -2 4 1 4 -6 6 0 6 -2 7
I? 1 -2 0 0 -2 1 -3 3 0 3 -5 4 -2 4 -9 6 -6 6 -11 7 -8 7
I? 1 -2 0 0 -2 1 -3 3 0 3 -8 4 -5 4 -2 4 -9 6 -6 6 -8 7
I? 1 -2 0 0 -2 1 -3 3 0 3 -5 4 -2 4 -6 6 -8 7 -9 9 -8 10
I? 1 -2 0 0 -2 1 -3 3 0 3 -5 4 -2 4 -6 6 -8 7 -9 9 -11 10
I? 1 -2 0 0 -5 1 -2 1 -6 3 -3 3 -5 4 -2 4 -6 6 -3 6 -2 7
I? 1 -2 0 0 -5 1 -2 1 -6 3 -3 3 -5 4 -2 4 -6 6 -3 6 -5 7
I? 1 -2 0 0 -5 1 -2 1 -6 3 -3 3 -5 4 -2 4 -3 6 -5 7 -2 7
I? 1 -2 0 0 -5 1 -2 1 -6 3 -3 3 -8 4 -5 4 -2 4 -3 6 -2 7
I? 1 -2 0 0 -2 1 -9 3 -6 3 -3 3 -8 4 -5 4 -2 4 -3 6 -2 7
I? 1 -2 0 0 -2 1 -6 3 -3 3 -8 4 -5 4 -2 4 -9 6 -3 6 -2 7
I? 1 -2 0 0 -5 1 -2 1 -6 3 -3 3 -5 4 -2 4 -3 6 0 6 -2 7
I? 1 -2 0 0 -5 1 -2 1 -6 3 -3 3 -5 4 -2 4 -3 6 -2 7 -3 9
I? 1 -2 -6 0 0 0 -5 1 -2 1 -6 3 -3 3 -5 4 -2 4 -3 6 -2 7
I? 1 -2 0 0 -2 1 -9 3 -6 3 -3 3 -8 4 -5 4 -2 4 -3 6 -5 7
I? 1 -2 0 0 -2 1 -6 3 -3 3 -8 4 -5 4 -2 4 -9 6 -3 6 -5 7
I? 1 -2 0 0 -5 1 -2 1 -6 3 -3 3 -5 4 -2 4 -3 6 -5 7 -6 9
I? 1 -2 -6 0 0 0 -5 1 -2 1 -6 3 -3 3 -5 4 -2 4 -3 6 -5 7
I? 1 -2 0 0 -2 1 -6 3 -3 3 -8 4 -5 4 -2 4 -9 6 -3 6 -8 7
I? 1 -2 0 0 -2 1 -6 3 -3 3 -8 4 -5 4 -2 4 -9 6 -3 6 -11 7
I? 1 -2 -6 0 0 0 -8 1 -5 1 -2 1 -6 3 -3 3 -5 4 -2 4 -3 6
I? 1 -2 0 0 -2 1 -3 3 -5 4 -2 4 -6 6 -3 6 0 6 -5 7 -2 7
I? 1 -2 0 0 -2 1 -3 3 -5 4 -2 4 -6 6 -3 6 0 6 -2 7 1 7
I? 1 -2 0 0 -2 1 -3 3 -5 4 -2 4 1 4 -6 6 -3 6 0 6 -2 7
I? 1 -2 0 0 -2 1 -3 3 -5 4 -2 4 -6 6 -3 6 -2 7 -3 9 -2 10
I? 1 -2 0 0 -2 1 -3 3 -5 4 -2 4 -6 6 -3 6 -2 7 -3 9 -5 10
I? 1 -2 0 0 -2 1 -3 3 -5 4 -2 4 -9 6 -6 6 -3 6 -11 7 -8 7
I? 1 -2 0 0 -2 1 -3 3 -8 4 -5 4 -2 4 -9 6 -6 6 -3 6 -8 7
I? 1 -2 0 0 -2 1 -3 3 -5 4 -2 4 -6 6 -3 6 -8 7 -9 9 -8 10
I? 1 -2 0 0 -2 1 -3 3 -5 4 -2 4 -6 6 -3 6 -8 7 -9 9 -11 10
I? 1 -2 0 0 -2 1 -3 3 -5 4 -2 4 -3 6 -2 7 -6 9 -3 9 -5 10
I? 1 -2 0 0 -2 1 -3 3 -5 4 -2 4 -3 6 -2 7 -3 9 -5 10 -6 12
I? 1 -2 0 0 -2 1 -3 3 -5 4 -2 4 -3 6 -5 7 -6 9 -3 9 -5 10
I? 1 -2 0 0 -2 1 -3 3 -5 4 -2 4 -3 6 -5 7 -6 9 -5 10 -6 12
I? 1 -2 0 0 -2 1 -3 3 -5 4 -2 4 -3 6 -5 7 -9 9 -6 9 -8 10
I? 1 -2 0 0 -2 1 -3 3 -5 4 -2 4 -3 6 -5 7 -6 9 -8 10 -9 12
I? 1 -2 -6 0 0 0 -5 1 -2 1 -6 3 -3 3 -8 4 -5 4 -2 4 -6 6
I? 1 -2 0 0 -5 1 -2 1 -6 3 -3 3 -5 4 -2 4 -6 6 -5 7 -6 9
I? 1 -2 -9 0 0 0 -8 1 -2 1 -9 3 -6 3 -3 3 -8 4 -5 4 -2 4
I? 1 -2 -6 0 0 0 -8 1 -2 1 -9 3 -6 3 -3 3 -8 4 -5 4 -2 4
I? 1 -2 -9 0 -6 0 0 0 -8 1 -5 1 -2 1 -6 3 -3 3 -5 4 -2 4
I? 1 -2 -6 0 0 0 -8 1 -5 1 -2 1 -9 3 -6 3 -3 3 -5 4 -2 4
I? 1 -2 0 0 -2 1 -3 3 -5 4 -2 4 -6 6 -5 7 -6 9 -3 9 -5 10
I? 1 -2 0 0 -2 1 -3 3 -5 4 -2 4 -6 6 -5 7 -6 9 -5 10 -6 12
I? 1 -2 0 0 -2 1 -3 3 -5 4 -2 4 -6 6 -5 7 -9 9 -6 9 -8 10
I? 1 -2 0 0 -2 1 -3 3 -5 4 -2 4 -6 6 -5 7 -6 9 -8 10 -9 12
I? 1 -2 0 0 -2 1 -3 3 -5 4 -2 4 -6 6 -8 7 -9 9 -6 9 -8 10
I? 1 -2 0 0 -2 1 -3 3 -5 4 -2 4 -6 6 -8 7 -9 9 -8 10 -9 12
I? 1 -2 0 0 -2 1 -3 3 0 3 -2 4 1 4 -6 6 -3 6 0 6 -5 7
I? 1 -2 0 0 -2 1 -3 3 0 3 -2 4 -6 6 -3 6 0 6 -5 7 -2 7
I? 1 -2 0 0 -2 1 -3 3 0 3 -2 4 -3 6 -2 7 -3 9 0 9 -2 10
I? 1 -2 0 0 -2 1 -3 3 0 3 -2 4 -3 6 -2 7 -3 9 -2 10 -3 12
I? 1 -2 0 0 -2 1 -3 3 0 3 -2 4 -3 6 -2 7 -6 9 -3 9 -5 10
I? 1 -2 0 0 -2 1 -3 3 0 3 -2 4 -3 6 -2 7 -3 9 -5 10 -6 12
I? 1 -2 0 0 -2 1 -3 3 0 3 -2 4 -3 6 -5 7 -6 9 -3 9 -5 10
I? 1 -2 0 0 -2 1 -3 3 0 3 -2 4 -3 6 -5 7 -6 9 -5 10 -6 12
I? 1 -2 0 0 -2 1 -3 3 0 3 -2 4 -3 6 -5 7 -9 9 -6 9 -8 10
I? 1 -2 0 0 -2 1 -3 3 0 3 -2 4 -3 6 -5 7 -6 9 -8 10 -9 12
I? 1 -2 0 0 -2 1 -3 3 0 3 3 3 6 3 -2 4 1 4 4 4 7 4
I? 1 -2 0 0 -2 1 -3 3 0 3 3 3 -2 4 1 4 4 4 3 6 4 7
I? 1 -2 0 0 -2 1 -3 3 0 3 3 3 -2 4 1 4 4 4 3 6 1 7
I? 1 -2 7 -2 0 0 6 0 -2 1 4 1 -3 3 0 3 3 3 -2 4 1 4
I? 1 -2 0 0 -2 1 -3 3 0 3 -2 4 1 4 0 6 3 6 1 7 4 7
I? 1 -2 0 0 -2 1 -3 3 0 3 -2 4 1 4 4 4 0 6 3 6 1 7
I? 1 -2 0 0 -2 1 -3 3 0 3 -2 4 1 4 0 6 1 7 0 9 1 10
I? 1 -2 0 0 -2 1 -3 3 0 3 -2 4 1 4 0 6 1 7 0 9 -2 10
I? 1 -2 0 0 -2 1 -3 3 -2 4 1 4 -6 6 -3 6 0 6 -5 7 -2 7
I? 1 -2 0 0 -2 1 -3 3 -2 4 -3 6 0 6 -5 7 -2 7 -6 9 -5 10
I? 1 -2 0 0 -2 1 -3 3 -2 4 -6 6 -3 6 -5 7 -2 7 -3 9 -5 10
I? 1 -2 0 0 -2 1 -3 3 -2 4 -3 6 -5 7 -2 7 -6 9 -3 9 -5 10
I? 1 -2 0 0 -2 1 -3 3 -2 4 -3 6 0 6 -2 7 -3 9 0 9 -2 10
I? 1 -2 0 0 -2 1 -3 3 -2 4 -3 6 0 6 -2 7 -6 9 -3 9 -5 10
I? 1 -2 0 0 -2 1 -3 3 -2 4 4 4 -3 6 0 6 3 6 -2 7 1 7
I? 1 -2 0 0 -2 1 -3 3 -2 4 -3 6 0 6 -2 7 1 7 0 9 1 10
I? 1 -2 0 0 -2 1 -3 3 -2 4 -3 6 0 6 -2 7 1 7 0 9 -2 10
I? 1 -2 0 0 -2 1 -3 3 -2 4 -3 6 -2 7 -3 9 0 9 -2 10 1 10
I? 1 -2 0 0 -2 1 -3 3 -2 4 -3 6 -2 7 1 7 -3 9 0 9 -2 10
I? 1 -2 0 0 -2 1 -3 3 -2 4 -6 6 -3 6 -5 7 -6 9 -3 9 -5 10
I? 1 -2 0 0 -2 1 -3 3 -2 4 -6 6 -3 6 -5 7 -9 9 -6 9 -8 10
I? 1 -2 0 0 -2 1 -3 3 -8 4 -2 4 -9 6 -6 6 -3 6 -8 7 -5 7
I? 1 -2 0 0 -2 1 -3 3 -2 4 -6 6 -3 6 -8 7 -5 7 -9 9 -8 10
I? 1 -2 0 0 -2 1 -3 3 -2 4 -6 6 -3 6 -8 7 -5 7 -9 9 -11 10
I? 1 -2 0 0 -2 1 -3 3 -2 4 -3 6 -8 7 -5 7 -9 9 -6 9 -8 10
I? 1 -2 0 0 -5 1 -2 1 -6 3 -3 3 -8 4 -5 4 -9 6 -6 6 -8 7
I? 1 -2 0 0 -5 1 -2 1 -6 3 -3 3 -8 4 -5 4 -6 6 -8 7 -9 9
I? 1 -2 0 0 -5 1 -2 1 -6 3 -3 3 -8 4 -5 4 -9 6 -6 6 -11 7
I? 1 -2 0 0 -2 1 -6 3 -3 3 -8 4 -5 4 -9 6 -6 6 -3 6 -5 7
I? 1 -2 0 0 -8 1 -2 1 -9 3 -6 3 -3 3 -8 4 -5 4 -6 6 -8 7
I? 1 -2 -9 0 0 0 -8 1 -2 1 -9 3 -6 3 -3 3 -8 4 -5 4 -6 6
I? 1 -2 -6 0 0 0 -8 1 -2 1 -9 3 -6 3 -3 3 -8 4 -5 4 -6 6
I? 1 -2 -6 0 0 0 -5 1 -2 1 -6 3 -3 3 -5 4 -6 6 -3 6 -5 7
I? 1 -2 -6 0 0 0 -5 1 -2 1 -6 3 -3 3 -5 4 -6 6 -5 7 -6 9
I? 1 -2 0 0 -5 1 -2 1 -6 3 -3 3 -5 4 -6 6 -3 6 -5 7 -6 9
I? 1 -2 0 0 -5 1 -2 1 -6 3 -3 3 -5 4 -6 6 -3 6 -5 7 -2 7
I? 1 -2 0 0 -5 1 -2 1 -6 3 -3 3 -5 4 -6 6 -5 7 -6 9 -5 10
I? 1 -2 -6 0 0 0 -5 1 -2 1 -6 3 -3 3 -5 4 -9 6 -6 6 -8 7
I? 1 -2 -6 0 0 0 -5 1 -2 1 -6 3 -3 3 -5 4 -6 6 -8 7 -9 9
I? 1 -2 0 0 -5 1 -2 1 -6 3 -3 3 -5 4 -9 6 -6 6 -8 7 -9 9
I? 1 -2 0 0 -5 1 -2 1 -6 3 -3 3 -5 4 -9 6 -6 6 -11 7 -8 7
I? 1 -2 0 0 -5 1 -2 1 -6 3 -3 3 -5 4 -6 6 -8 7 -9 9 -11 10
I? 1 -2 -9 0 -6 0 0 0 -8 1 -5 1 -2 1 -6 3 -3 3 -5 4 -6 6
I? 1 -2 -6 0 0 0 -8 1 -5 1 -2 1 -9 3 -6 3 -3 3 -5 4 -6 6
I? 1 -2 -6 0 0 0 -5 1 -2 1 -9 3 -6 3 -3 3 -11 4 -8 4 -5 4
I? 1 -2 -6 0 0 0 -8 1 -5 1 -2 1 -9 3 -6 3 -3 3 -8 4 -5 4
I? 1 -2 0 0 -8 1 -5 1 -2 1 -9 3 -6 3 -3 3 -11 4 -8 4 -5 4
I? 1 -2 0 0 -5 1 -2 1 -12 3 -9 3 -6 3 -3 3 -11 4 -8 4 -5 4
I? 1 -2 -9 0 0 0 -8 1 -5 1 -2 1 -9 3 -6 3 -3 3 -8 4 -5 4
I? 1 -2 -6 0 0 0 -5 1 -2 1 -6 3 -3 3 -8 4 -5 4 -9 6 -8 7
I? 1 -2 -6 0 0 0 -8 1 -5 1 -2 1 -6 3 -3 3 -8 4 -5 4 -9 6
I? 1 -2 0 0 -5 1 -2 1 -6 3 -3 3 -8 4 -5 4 -9 6 -11 7 -8 7
I? 1 -2 0 0 -5 1 -2 1 -6 3 -3 3 -8 4 -5 4 -9 6 -8 7 -9 9
I? 1 -2 0 0 -5 1 -2 1 -6 3 -3 3 -8 4 -5 4 -9 6 -11 7 -12 9
I? 1 -2 -9 0 -6 0 0 0 -8 1 -5 1 -2 1 -6 3 -3 3 -8 4 -5 4
I? 1 -2 0 0 -8 1 -2 1 -9 3 -6 3 -3 3 -8 4 -5 4 -9 6 -8 7
I? 1 -2 -9 0 0 0 -8 1 -2 1 -9 3 -6 3 -3 3 -8 4 -5 4 -9 6
I? 1 -2 -6 0 0 0 -8 1 -2 1 -9 3 -6 3 -3 3 -8 4 -5 4 -9 6
I? 1 -2 -9 0 0 0 -8 1 -2 1 -9 3 -6 3 -3 3 -11 4 -8 4 -5 4
I? 1 -2 -6 0 0 0 -8 1 -2 1 -9 3 -6 3 -3 3 -11 4 -8 4 -5 4
I? 1 -2 0 0 -2 1 -12 3 -9 3 -6 3 -3 3 -14 4 -11 4 -8 4 -5 4
I? 1 -2 0 0 -11 1 -2 1 -12 3 -9 3 -6 3 -3 3 -11 4 -8 4 -5 4
I? 1 -2 0 0 -2 1 -9 3 -6 3 -3 3 -11 4 -8 4 -5 4 -12 6 -11 7
I? 1 -2 0 0 -2 1 -9 3 -6 3 -3 3 -11 4 -8 4 -5 4 -12 6 -14 7
I? 1 -2 -9 0 -6 0 0 0 -8 1 -2 1 -9 3 -6 3 -3 3 -8 4 -5 4
I? 1 -2 -9 0 0 0 -11 1 -8 1 -2 1 -9 3 -6 3 -3 3 -8 4 -5 4
I? 1 -2 0 0 -2 1 -6 3 -3 3 -8 4 -5 4 -12 6 -9 6 -14 7 -11 7
I? 1 -2 0 0 -2 1 -6 3 -3 3 -11 4 -8 4 -5 4 -12 6 -9 6 -11 7
I? 1 -2 0 0 -2 1 -6 3 -3 3 -8 4 -5 4 -9 6 -11 7 -12 9 -11 10
I? 1 -2 0 0 -2 1 -6 3 -3 3 -8 4 -5 4 -9 6 -11 7 -12 9 -14 10
I? 1 -2 -9 0 -6 0 0 0 -8 1 -5 1 -2 1 -9 3 -6 3 -3 3 -5 4
I? 1 -2 -9 0 -6 0 0 0 -11 1 -8 1 -5 1 -2 1 -6 3 -3 3 -5 4
I? 1 -2 -6 0 0 0 -8 1 -5 1 -2 1 -9 3 -6 3 -3 3 -11 4 -5 4
I? 1 -2 0 0 -2 1 -3 3 -8 4 -5 4 -9 6 -6 6 -3 6 -8 7 -5 7
I? 1 -2 0 0 -2 1 -3 3 -5 4 -6 6 -3 6 -8 7 -5 7 -9 9 -8 10
I? 1 -2 0 0 -2 1 -3 3 -5 4 -6 6 -8 7 -5 7 -9 9 -6 9 -8 10
I? 1 -2 0 0 -2 1 -3 3 -5 4 -6 6 -3 6 -5 7 -6 9 -3 9 -5 10
I? 1 -2 0 0 -2 1 -3 3 -5 4 -6 6 -3 6 -5 7 -9 9 -6 9 -8 10
I? 1 -2 0 0 -2 1 -3 3 -5 4 -6 6 -3 6 0 6 -5 7 -2 7 1 7
I? 1 -2 0 0 -2 1 -3 3 -5 4 1 4 -6 6 -3 6 0 6 -5 7 -2 7
I? 1 -2 0 0 -2 1 -3 3 -5 4 -6 6 -3 6 -5 7 -2 7 -3 9 -2 10
I? 1 -2 0 0 -2 1 -3 3 -5 4 -6 6 -3 6 -5 7 -2 7 -3 9 -5 10
I? 1 -2 0 0 -2 1 -3 3 -5 4 -6 6 -5 7 -6 9 -3 9 -5 10 -2 10
I? 1 -2 0 0 -2 1 -3 3 -5 4 -6 6 -5 7 -2 7 -6 9 -3 9 -5 10
I? 1 -2 0 0 -2 1 -3 3 -5 4 -12 6 -9 6 -6 6 -14 7 -11 7 -8 7
I? 1 -2 0 0 -2 1 -3 3 -11 4 -5 4 -12 6 -9 6 -6 6 -11 7 -8 7
I? 1 -2 0 0 -2 1 -3 3 -5 4 -9 6 -6 6 -11 7 -8 7 -12 9 -11 10
I? 1 -2 0 0 -2 1 -3 3 -5 4 -9 6 -6 6 -11 7 -8 7 -12 9 -14 10
I? 1 -2 0 0 -8 1 -2 1 -9 3 -3 3 -8 4 -5 4 -9 6 -6 6 -8 7
I? 1 -2 0 0 -2 1 -3 3 -5 4 -6 6 -8 7 -12 9 -9 9 -14 10 -11 10
I? 1 -2 0 0 -2 1 -3 3 -5 4 -6 6 -11 7 -8 7 -12 9 -9 9 -11 10
I? 1 -2 0 0 -2 1 -3 3 -5 4 -6 6 -8 7 -9 9 -11 10 -12 12 -14 13
